Time(s),AngularVelocityX(rad/s),AngularVelocityY(rad/s),AngularVelocityZ(rad/s),EstimatedIntegrationError,EulerAngleX(rad),EulerAngleY(rad),EulerAngleZ(rad),OrientationQuaternion0,OrientationQuaternion1,OrientationQuaternion2,PositionX(m),PositionY(m),PositionZ(m),TimeStep(s),VelocityX(m/s),VelocityY(m/s),VelocityZ(m/s)
0,0.0,0.0,0.0,4.2578722972650156e-05,-3.141592653589793,-0.06981317007977325,1.5707963267948963,0.9993908270190958,0.0,0.03489949670250097,0.0,0.0,874.603032,0.01,0.0,0.0,0.0
0.01,0.0,0.0,0.0,2.002126833368723e-05,-3.141592653589793,-0.06981317007977325,1.5707963267948963,0.9993908270190958,0.0,0.03489949670250097,0.0,0.0,874.603032,0.010095789998766586,0.0,0.0,0.0
0.020095789998766586,0.0,0.0,0.0,4.269969944826625e-05,-3.141592653589793,-0.06981317007977325,1.5707963267948963,0.9993908270190958,0.0,0.03489949670250097,0.0,0.0,874.603032,0.010194873657893365,0.0,0.0,0.0
0.03029066365665995,0.0,0.0,0.0,3.146056248054297e-05,-3.141592653589793,-0.06981317007977325,1.5707963267948963,0.9993908270190958,0.0,0.03489949670250097,0.0,0.0,874.603032,0.010292718397730917,0.0,0.0,0.0
0.04058338205439087,0.0,0.0,0.0,3.872304298530109e-05,-3.141592653589793,-0.06981317007977325,1.5707963267948963,0.9993908270190958,0.0,0.03489949670250097,0.0,0.0,874.603032,0.010392761021583027,0.0,0.0,0.0
0.050976143075973895,0.0,0.0,0.0,1.2418258825020283e-05,-3.141592653589793,-0.06981317007977325,1.5707963267948963,0.9993908270190958,0.0,0.03489949670250097,0.0,0.0,874.603032,0.010493125481468739,0.0,0.0,0.0
0.061469268557442634,0.0,0.0,0.0,1.4336687684464526e-06,-3.141592653589793,-0.06981317007977325,1.5707963267948963,0.9993908270190958,0.0,0.03489949670250097,0.0,0.0,874.603032,0.010597326660291402,0.0,0.0,0.0
0.07206659521773404,0.0,0.0,0.0,2.3622175602912462e-05,-3.141592653589793,-0.06981317007977325,1.5707963267948963,0.9993908270190958,0.0,0.03489949670250097,2.831233565730966e-05,0.0,874.6033437393216,0.010703838199352694,0.004510825066823964,0.0,0.03209618810345096
0.08277043341708673,0.0,0.0,0.0,3.129879622966363e-05,-3.141592653589793,-0.06981317007977325,1.5707963267948963,0.9993908270190958,0.0,0.03489949670250097,0.0001526610391973837,0.0,874.6043398840031,0.01080915837880056,0.01714383497409229,0.0,0.12198472430020774
0.09357959179588729,0.0,0.0,0.0,4.9682236946514794e-05,-3.141592653589793,-0.06981317007977325,1.5707963267948963,0.9993908270190958,0.0,0.03489949670250097,0.00045975960764591385,0.0,874.6066374184812,0.010914798705224452,0.038337204597991184,0.0,0.2727833848373951
0.10449439050111174,0.0,0.0,0.0,2.7384899743298584e-05,-3.141592653589793,-0.06981317007977325,1.5707963267948963,0.9993908270190958,0.0,0.03489949670250097,0.0010586973760598503,0.0,874.6110125564828,0.011019579271756785,0.07054104071776642,0.0,0.5019255853086668
0.11551396977286853,0.0,0.0,0.0,9.438512657410862e-06,-3.141592653589793,-0.06981317007977325,1.5707963267948963,0.9993908270190958,0.0,0.03489949670250097,0.002087180127433112,0.0,874.6184451155322,0.011127939542019336,0.11531786497142482,0.0,0.8205292448676667
0.12664190931488786,0.0,0.0,0.0,1.635584610049572e-06,-3.141592653589793,-0.06981317007977325,1.5707963267948963,0.9993908270190958,0.0,0.03489949670250097,0.0036934475890659495,0.0,874.6299899117423,0.011239483979704118,0.17219142282081634,0.0,1.2252056363934938
0.13788139329459198,0.0,0.0,0.0,3.1819065217590905e-05,-3.141592653589793,-0.06981317007977325,1.5707963267948963,0.9993908270190958,0.0,0.03489949670250097,0.006010404994458311,0.0,874.6465926467747,0.011353149153875863,0.2383619153683325,0.0,1.6960331555813402
0.14923454244846784,0.0,0.0,0.0,1.0952266983366033e-05,-3.141592653589793,-0.06981317007977325,1.5707963267948963,0.9993908270190958,0.0,0.03489949670250097,0.009139986774746606,0.0,874.6689786426913,0.011464663789082452,0.31089478063994863,0.0,2.2121313090127708
0.1606992062375503,0.0,0.0,0.0,5.339879350079009e-05,-3.141592653589793,-0.06981317007977325,1.5707963267948963,0.9993908270190958,0.0,0.03489949670250097,0.013166659238928648,0.0,874.6977488847408,0.01157979469624354,0.38978024055994126,0.0,2.7734305220638396
0.17227900093379384,0.0,0.0,0.0,8.904181775647288e-05,-3.141592653589793,-0.06981317007977325,1.5707963267948963,0.9993908270190958,0.0,0.03489949670250097,0.01819163789859058,0.0,874.7336235951717,0.011691296332173556,0.4760721260812301,0.0,3.3874291915894625
0.1839702972659674,0.0,0.0,0.0,4.8499261805804017e-05,-3.141592653589793,-0.06981317007977325,1.5707963267948963,0.9993908270190958,0.0,0.03489949670250097,0.024300078233781486,0.0,874.7772086472163,0.01179983143533539,0.5662274835173778,0.0,4.0289178922013535
0.19577012870130278,0.0,0.0,0.0,3.4939994843971e-05,-3.141592653589793,-0.06981317007977325,1.5707963267948963,0.9993908270190958,0.0,0.03489949670250097,0.03153986813988847,0.0,874.828844748755,0.011914287728361117,0.6580833589718126,0.0,4.682506407232934
0.2076844164296639,0.0,0.0,0.0,1.8268760406395255e-05,-3.141592653589793,-0.06981317007977325,1.5707963267948963,0.9993908270190958,0.0,0.03489949670250097,0.03995886572867083,0.0,874.8888724883419,0.012031605745552149,0.7529737184250767,0.0,5.357686397832843
0.21971602217521605,0.0,0.0,0.0,5.177260663431507e-05,-3.141592653589793,-0.06981317007977325,1.5707963267948963,0.9993908270190958,0.0,0.03489949670250097,0.04963601597179951,0.0,874.957853617041,0.012152225699320007,0.853450020844132,0.0,6.072612437882508
0.23186824787453605,0.0,0.0,0.0,2.2749078859036893e-05,-3.141592653589793,-0.06981317007977325,1.5707963267948963,0.9993908270190958,0.0,0.03489949670250097,0.06065552907830806,0.0,875.0363873538039,0.012270125941107324,0.9573817074167197,0.0,6.812124813717424
0.24413837381564338,0.0,0.0,0.0,4.247880633076094e-05,-3.141592653589793,-0.06981317007977325,1.5707963267948963,0.9993908270190958,0.0,0.03489949670250097,0.0730595364271732,0.0,875.1247734492432,0.012392876214273346,1.0611865221399444,0.0,7.55073444943676
0.2565312500299167,0.0,0.0,0.0,4.443986509680171e-05,-3.141592653589793,-0.06981317007977325,1.5707963267948963,0.9993908270190958,0.0,0.03489949670250097,0.08687600214257946,0.0,875.2232109275853,0.01251455797422274,1.1659401930891498,0.0,8.296095548017334
0.26904580800413946,0.0,0.0,0.0,1.6277767198644122e-05,-3.141592653589793,-0.06981317007977325,1.5707963267948963,0.9993908270190958,0.0,0.03489949670250097,0.10216283547149266,0.0,875.3321118220763,0.01263733887914037,1.2750745991050163,0.0,9.072627196253016
0.28168314688327983,0.0,0.0,0.0,2.42446357695387e-05,-3.141592653589793,-0.06981317007977325,1.5707963267948963,0.9993908270190958,0.0,0.03489949670250097,0.11900954505124468,0.0,875.4521130292046,0.012765038186880517,1.388526474554991,0.0,9.879879235777471
0.29444818507016035,0.0,0.0,0.0,6.40232587334772e-05,-3.141592653589793,-0.06981317007977325,1.5707963267948963,0.9993908270190958,0.0,0.03489949670250097,0.13748533799378945,0.0,875.5837070322004,0.0128931705569027,1.5030985938624069,0.0,10.695102224526849
0.30734135562706305,0.0,0.0,0.0,1.7056892016183822e-05,-3.141592653589793,-0.06981317007977325,1.5707963267948963,0.9993908270190958,0.0,0.03489949670250097,0.15762887416413965,0.0,875.7271689133286,0.013017619260293045,1.6188539240435502,0.0,11.518744196102345
0.3203589748873561,0.0,0.0,0.0,4.124424186330959e-05,-3.141592653589793,-0.06981317007977325,1.5707963267948963,0.9993908270190958,0.0,0.03489949670250097,0.1794884456873735,0.0,875.8828422488663,0.013149545670805673,1.7368815473082906,0.0,12.358554373085248
0.33350852055816177,0.0,0.0,0.0,7.518651939726166e-06,-3.141592653589793,-0.06981317007977325,1.5707963267948963,0.9993908270190958,0.0,0.03489949670250097,0.20312766557283654,0.0,876.0511797444358,0.013279796426415247,1.8553183468672088,0.0,13.201275990682863
0.346788316984577,0.0,0.0,0.0,9.482913683885319e-06,-3.141592653589793,-0.06981317007977325,1.5707963267948963,0.9993908270190958,0.0,0.03489949670250097,0.22856515612781667,0.0,876.2323138858341,0.013415988103327503,1.9727358281956056,0.0,14.03674478220555
0.3602043050879045,0.0,0.0,0.0,3.398642067684116e-05,-3.141592653589793,-0.06981317007977325,1.5707963267948963,0.9993908270190958,0.0,0.03489949670250097,0.2558514002795531,0.0,876.426603937336,0.013553491434983855,2.092355578344629,0.0,14.887883530615076
0.3737577965228884,0.0,0.0,0.0,0.00011776395363310253,-3.141592653589793,-0.06981317007977325,1.5707963267948963,0.9993908270190958,0.0,0.03489949670250097,0.2850604579504917,0.0,876.6345768731538,0.013689262691509885,2.2151875903951534,0.0,15.76187871009891
0.38744705921439826,0.0,0.0,0.0,1.8697088538289195e-05,-3.141592653589793,-0.06981317007977325,1.5707963267948963,0.9993908270190958,0.0,0.03489949670250097,0.31625956014205814,0.0,876.8567110471703,0.01381509867879438,2.340047590245655,0.0,16.650303772572066
0.40126215789319264,0.0,0.0,0.0,1.2303723315279709e-06,-3.141592653589793,-0.06981317007977325,1.5707963267948963,0.9993908270190958,0.0,0.03489949670250097,0.34948038091825845,0.0,877.0932317287543,0.013955955409712728,2.4666083391861107,0.0,17.550830293625253
0.41521811330290537,0.0,0.0,0.0,1.90898485407893e-06,-3.141592653589793,-0.06981317007977325,1.5707963267948963,0.9993908270190958,0.0,0.03489949670250097,0.3848214626024862,0.0,877.3448402350974,0.014100878770506697,2.595072018993988,0.0,18.464896871356284
0.42931899207341206,0.0,0.0,0.0,6.929997975871398e-05,-3.141592653589793,-0.06981317007977325,1.5707963267948963,0.9993908270190958,0.0,0.03489949670250097,0.4223467447462789,0.0,877.6119915594761,0.014247409896837648,2.724509661930817,0.0,19.385893556845776
0.4435664019702497,0.0,0.0,0.0,8.193877706542595e-05,-3.141592653589793,-0.06981317007977325,1.5707963267948963,0.9993908270190958,0.0,0.03489949670250097,0.46212685441277274,0.0,877.8951882540217,0.014386058010640135,2.8570974008894914,0.0,20.329304340191708
0.45795245998088985,0.0,0.0,0.0,1.2824744556558964e-05,-3.141592653589793,-0.06981317007977325,1.5707963267948963,0.9993908270190958,0.0,0.03489949670250097,0.5042179766620349,0.0,878.194830012763,0.014524428457022232,2.991061254721176,0.0,21.282506689639582
0.4724768884379121,0.0,0.0,0.0,3.631873620623414e-07,-3.141592653589793,-0.06981317007977325,1.5707963267948963,0.9993908270190958,0.0,0.03489949670250097,0.5486477824734617,0.0,878.5111137200583,0.014674369183341585,3.123655086799983,0.0,22.225960827788022
0.48715125762125366,0.0,0.0,0.0,0.0001975083264027743,-3.141592653589793,-0.06981317007977325,1.5707963267948963,0.9993908270190958,0.0,0.03489949670250097,0.5954980552595688,0.0,878.8446214119164,0.014827900372019642,3.259692794211882,0.0,23.19391941220921
0.5019791579932733,0.0,0.0,0.0,7.137594935685923e-06,-3.141592653589793,-0.06981317007977325,1.5707963267948963,0.9993908270190958,0.0,0.03489949670250097,0.6448895583067631,0.0,879.1962123985011,0.014954003516201131,3.3993945490661566,0.0,24.187949048863256
0.5169331615094744,0.0,0.0,0.0,7.39233433462285e-05,-3.141592653589793,-0.06981317007977325,1.5707963267948963,0.9993908270190958,0.0,0.03489949670250097,0.6967676214600637,0.0,879.5654973969348,0.01510984788473635,3.5353356813584145,0.0,25.155220465602216
0.5320430093942108,0.0,0.0,0.0,1.38655218126603e-06,-3.141592653589793,-0.06981317007977325,1.5707963267948963,0.9993908270190958,0.0,0.03489949670250097,0.7512358429597574,0.0,879.9532138497893,0.015257444227181227,3.671825623338284,0.0,26.12639686617576
0.547300453621392,0.0,0.0,0.0,1.5164863497440412e-05,-3.141592653589793,-0.06981317007977325,1.5707963267948963,0.9993908270190958,0.0,0.03489949670250097,0.8083644816901199,0.0,880.3598615883866,0.015417773607786178,3.814793146696094,0.0,27.143663653160175
0.5627182272291782,0.0,0.0,0.0,4.3856150633778706e-05,-3.141592653589793,-0.06981317007977325,1.5707963267948963,0.9993908270190958,0.0,0.03489949670250097,0.8683151624666846,0.0,880.7865907609588,0.015577899204899492,3.958121452486548,0.0,28.1634975405422
0.5782961264340777,0.0,0.0,0.0,6.792297701365623e-05,-3.141592653589793,-0.06981317007977325,1.5707963267948963,0.9993908270190958,0.0,0.03489949670250097,0.9310906553209959,0.0,881.2334210722981,0.015735453840967417,4.098121702462828,0.0,29.159651080349644
0.5940315802750451,0.0,0.0,0.0,0.0004288828754230658,-3.141592653589793,-0.06981317007977325,1.5707963267948963,0.9993908270190958,0.0,0.03489949670250097,0.996714365313331,0.0,881.7005190292866,0.015891048723876477,4.2405957265791,0.0,30.1734064377728
0.6099226289989216,0.0,0.0,0.0,0.00015547975529180258,-3.141592653589793,-0.06981317007977325,1.5707963267948963,0.9993908270190958,0.0,0.03489949670250097,1.065290021422947,0.0,882.1886226790269,0.01599101163988126,4.387418022630405,0.0,31.21810135766719
0.6259136406388028,0.0,0.0,0.0,1.5535269235612845e-05,-3.141592653589793,-0.06981317007977325,1.5707963267948963,0.9993908270190958,0.0,0.03489949670250097,1.1366515166284539,0.0,882.6965495381575,0.01613550429714916,4.533810666506837,0.0,32.25973914348533
0.642049144935952,0.0,0.0,0.0,8.644243846885485e-05,-3.141592653589793,-0.06981317007977325,1.5707963267948963,0.9993908270190958,0.0,0.03489949670250097,1.2109922912597921,0.0,883.2256764582352,0.01630412141167137,4.6774810680873635,0.0,33.28200716889418
0.6583532663476234,0.0,0.0,0.0,0.00011640810562922115,-3.141592653589793,-0.06981317007977325,1.5707963267948963,0.9993908270190958,0.0,0.03489949670250097,1.2884621750871361,0.0,883.7770697771002,0.016463192065812704,4.823192827444938,0.0,34.3188002096224
0.6748164584134361,0.0,0.0,0.0,2.6545417301638822e-05,-3.141592653589793,-0.06981317007977325,1.5707963267948963,0.9993908270190958,0.0,0.03489949670250097,1.3691126902610384,0.0,884.3510959944373,0.016619124929234563,4.971895968939083,0.0,35.37687804023325
0.6914355833426706,0.0,0.0,0.0,3.96811280804978e-05,-3.141592653589793,-0.06981317007977325,1.5707963267948963,0.9993908270190958,0.0,0.03489949670250097,1.4529988582826396,0.0,884.9481465726752,0.01679172557345554,5.119933034368204,0.0,36.43021649337823
0.7082273089161262,0.0,0.0,0.0,4.099604555757988e-05,-3.141592653589793,-0.06981317007977325,1.5707963267948963,0.9993908270190958,0.0,0.03489949670250097,1.5402475635513668,0.0,885.5691245088557,0.01696418570279512,5.269166954716894,0.0,37.49207101178
0.7251914946189213,0.0,0.0,0.0,0.00023441007679600245,-3.141592653589793,-0.06981317007977325,1.5707963267948963,0.9993908270190958,0.0,0.03489949670250097,1.630944826516726,0.0,886.2146418649496,0.017138470200974254,5.420958364691924,0.0,38.57212301443433
0.7423299648198955,-1.3254066053158195e-05,-2.43631449945977e-05,6.899592081429955e-10,5.275382000097709e-05,3.1415926067615962,-0.06981308673964076,1.5707963267925746,0.999390828473359,-2.3399875898253232e-08,0.03489945505781896,1.7250744568429088,-1.6459385687369212e-07,886.8853104708093,0.017281650315036146,5.542832286434386,-4.6601112309833135e-05,39.64536285361826
0.7596116151349317,-4.2706097212286114e-05,-7.700715974057961e-05,2.0865435951729388e-09,0.0001294516488905155,3.1415921340696005,-0.06981219756847812,1.5707963267676315,0.9993908439890214,-2.596023377125757e-07,0.03489901074306189,1.821627462538932,-1.8246001473110998e-06,887.5798798518838,0.017457675573315345,5.628280021538095,-0.00014979120306313087,40.69501551254492
0.777069290708247,-8.603021603087266e-05,-0.00011525815998206785,2.679258215717979e-09,0.00013493485668387783,3.1415910336691053,-0.06981049410119752,1.5707963267225364,0.9993908737130262,-8.094682384240592e-07,0.03489815952823733,1.9206719509661658,-5.674621265014945e-06,888.3000724525027,0.01762238111438852,5.715984797460574,-0.00030042423817976246,41.77596872841625
0.7946916718226356,-0.0001464044435147126,-0.0001357699258094653,1.9658094250137503e-09,7.420551102581194e-05,3.1415890107471838,-0.06980825477189873,1.5707963266737897,0.9993909127853052,-1.8203140134965067e-06,0.03489704054553669,2.02220408049269,-1.2720722595526438e-05,889.0462116861735,0.01778794380442461,5.803878909119696,-0.0005089998956148089,42.858937945869066
0.8124796156270602,-0.0002175818945280472,-0.0001438916902135604,4.333599465809561e-10,7.320725748142783e-05,3.141585759906858,-0.06980577516177075,1.5707963266409615,0.9993909560457858,-3.444744875605477e-06,0.03489580149544573,2.1262375777324105,-2.3993385059347203e-05,889.818389333865,0.01796614778554706,5.890366483521101,-0.0007525243683689494,43.92082978256307
0.8304457634126072,-0.0002753723404519652,-0.00016169026372590383,-1.241346540250076e-10,0.00016052384257444655,3.14158130852544,-0.06980304611873236,1.5707963266147515,0.9993910036507853,-5.669080768375862e-06,0.03489443780459326,2.232881625160389,-3.931512422332679e-05,890.6175686658828,0.018146615396877674,5.978656689902713,-0.0009434056569827755,45.0063177544402
0.8485923788094849,-0.0003176280313002189,-0.0001907735475353102,-3.190484620034137e-11,0.0001463821774853621,3.1415759029115846,-0.06979986534467213,1.5707963265719842,0.99939105912621,-8.370242907265633e-06,0.03489284838539606,2.3422090711014216,-5.7706522379848124e-05,891.4445960557031,0.018313341592818277,6.067737936298763,-0.0010733401574818248,46.100841496230935
0.8669057204023032,-0.00035677070310985106,-0.00021918095698801775,7.30310136180992e-11,2.0337215962538727e-05,3.1415697476714604,-0.06979608639033293,1.5707963264957332,0.9993911250231728,-1.1445990965727157e-05,0.034890960057678694,2.4541860463286094,-7.831606799319057e-05,892.2994458572284,0.018484473349046793,6.158493528466759,-0.001184459075841465,47.21777625204047
0.88539019375135,-0.000411005607218112,-0.00022964932668118315,-3.120464519291049e-10,2.1480362263814237e-05,3.1415626753237,-0.06979190899023252,1.57079632638693,0.9993911978510194,-1.4980014748130318e-05,0.0348888726276771,2.5688977867874487,-0.00010156162293137105,893.1830777302284,0.018680816212623963,6.250226553972496,-0.0013391896900125397,48.347977860317265
0.9040710099639739,-0.00048157297895173173,-0.00022061168725769813,-1.1183902422228845e-09,3.0470480228364647e-05,3.1415543619303996,-0.06978767332553631,1.5707963262561104,0.9993912716666599,-1.913418448840144e-05,0.034886756082114535,2.6865372313595537,-0.00012838751427000347,894.0971372804913,0.018879372765698732,6.341709401835337,-0.0015412809847329897,49.47372336822311
0.9229503827296727,-0.0005548794407388955,-0.0002041809210577262,-1.8514345669535802e-09,0.0002022639026530869,3.1415445719599626,-0.06978366029095438,1.570796326112282,0.9993913415598926,-2.4026194181604397e-05,0.034884750782486935,2.8071746351240185,-0.00015938622465477457,895.042445297336,0.01907868965118842,6.435457027400712,-0.0017397195272250237,50.63036600546128
0.9420290723808611,-0.0006248060898949819,-0.00018552502240074285,-2.3775184870542125e-09,2.3616295976575424e-05,3.1415333116620885,-0.06977993941912351,1.5707963259541906,0.9993914063078955,-2.9652920962710512e-05,0.03488289147360251,2.9308859331868757,-0.00019424235116668865,896.0199509771786,0.019247656507859978,6.530376360581137,-0.001911204262961256,51.801999878437755
0.9612767288887211,-0.0006932063274553273,-0.00016232462177663082,-2.74094881799671e-09,4.546180070013064e-05,3.141520634075522,-0.06977657498622825,1.5707963257839148,0.9993914647790134,-3.598786157777174e-05,0.034881210273624945,3.0575362045599896,-0.000232435476548777,897.0288854442609,0.01945283389678243,6.62705787302563,-0.0020594081397314673,52.99748237806323
0.9807295627855035,-0.0007703129479488576,-0.00012460939143923755,-2.940975225823535e-09,2.598246276104409e-05,3.141506414490961,-0.06977375854525196,1.5707963256187507,0.999391513617332,-4.3093332296245095e-05,0.03487980290023526,3.187432855628675,-0.0002739875981559431,898.0720410458486,0.01965631422162395,6.724987068229575,-0.0022182565588178553,54.209588227120506
1.0003858770071274,-0.0008579219845191045,-7.010404494085156e-05,-2.797462712288918e-09,1.8023249538312875e-05,3.141490428472594,-0.069771817038793,1.5707963254960526,0.9993915471001722,-5.108148171073895e-05,0.0348788327245363,3.3206135000233536,-0.00031924583422981,899.1499274406423,0.019866124477758262,6.822988242951561,-0.002392885914722982,55.4216146291491
1.0202520014848857,-0.0009654936225983192,1.058974053709744e-05,-1.728382375769049e-09,5.0917337353620734e-05,3.1414723621792975,-0.06977116982064772,1.5707963254765505,0.9993915578850259,-6.010913313124918e-05,0.034878509294829614,3.457168197317874,-0.00036880667372719307,900.2634688815839,0.020080141401707996,6.921710052244859,-0.0026131555861666185,56.64323871549623
1.0403321428865937,-0.0011028499782535866,0.0001272322951536343,1.5762389785861593e-09,0.00011486331377438685,3.141451644870499,-0.06977249342026347,1.5707963256638695,0.9993915341259486,-7.046147999151882e-05,0.03487917066836073,3.5971938059414064,-0.00042407010797030573,901.4137837961135,0.020290248054877447,7.02246029027054,-0.002908298232568295,57.89360663139094
1.0606223909414711,-0.0012674357071018384,0.00027812797251413343,8.13957503054693e-09,2.3697226579590522e-05,3.1414276217891137,-0.06977656795659198,1.5707963262042308,0.999391462147206,-8.246569677977593e-05,0.034881206664803946,3.7407547656648994,-0.0004865994746707542,902.6018741700367,0.02048995591053071,7.125547567855727,-0.0032636895255906155,59.177048211449744
1.0811123468520019,-0.001437661540821792,0.00044393653514966094,1.6019870647427746e-08,4.081676468752741e-05,3.1413999082063717,-0.06978394835564901,1.570796327292362,0.9993913321831341,-9.631402437610784e-05,0.03488489457528045,3.8878504002258234,-0.0005569029301419127,903.8280783568887,0.02071048987426849,7.229259606778561,-0.0035994683709329885,60.468103720094255
1.1018228367262703,-0.0016096162115143042,0.0006217527987363614,2.4732833513242108e-08,0.00011909750661066638,3.1413683522152906,-0.06979496608404902,1.5707963291864753,0.9993911383477875,-0.00011208236174694421,0.034890400028596696,4.038676798271356,-0.000634524162424362,905.094195359126,0.020929851910967745,7.333024322187339,-0.0038971180660552908,61.75815730800739
1.122752688637238,-0.0017826256665771046,0.0008116933609009334,3.4178330532810924e-08,2.1897959538706575e-05,3.141332850410257,-0.0698099493183414,1.5707963322195582,0.9993908747872164,-0.00012982236951014213,0.03489788700865148,4.193279331911219,-0.000718691633076731,906.4008021812145,0.02113515335022509,7.4377473920174015,-0.004145226044716135,63.06009781434852
1.1438878419874632,-0.001955962840861335,0.0010138151094853027,4.4242139654761585e-08,6.989457551281154e-05,3.141293339501796,-0.06982922221328405,1.57079633680713,0.999390535689452,-0.00014956565973701607,0.03490751748870207,4.351630005061312,-0.0008082725858819364,907.7479852897436,0.02136301186974854,7.544106190961527,-0.0043316818339971495,64.38365726337055
1.1652508538572117,-0.002125207369195581,0.0012248358312767784,5.426343849531304e-08,5.6749162765065845e-05,3.141249716334824,-0.06985313960440642,1.5707963434671006,0.9993901146696459,-0.00017136376187134073,0.03491946877175602,4.513980678860399,-0.000901967415132073,909.1382402522725,0.021583073413852683,7.652246827337848,-0.004432155207438087,65.73042237629386
1.1868339272710644,-0.002276431018656481,0.001432601390752868,6.243880665850903e-08,0.0002217655586719419,3.1412021776526955,-0.0698818286298438,1.570796352767264,0.9993896093085739,-0.00019511834593273912,0.03493380438123101,4.680344461996772,-0.0009973299216348944,910.5719484002046,0.02180823900794371,7.7609293825477055,-0.004395591854308425,67.08200549164316
1.2086421662790081,-0.002406843320208865,0.0016353176191396532,6.874758862865657e-08,0.0001689360283727906,3.141151064846399,-0.06991529819600605,1.5707963653099581,0.9993890192461572,-0.0002206588011102978,0.034950528760577304,4.8508164645581315,-0.001091254899736136,912.0500900536466,0.021999766473958626,7.8699106595117865,-0.004207630249416874,68.43468216234132
1.2306419327529667,-0.002509637785337342,0.0018272988296733762,7.294107448992797e-08,1.66942295623061e-05,3.1410969264848254,-0.06995341256168547,1.570796381673905,0.999388346666939,-0.0002477109914410287,0.03496957407422977,5.025199792323702,-0.0011798243154581545,913.5711739463825,0.0222045983734398,7.980486702185172,-0.003830965673093251,69.8068927470209
1.2528465311264065,-0.002581940184812676,0.0020066790836832955,7.529939964896129e-08,5.8049416294292555e-05,3.141040342379896,-0.06999600121071226,1.5707964024194798,0.9993875943787732,-0.00027598516963511224,0.034990855110327304,5.203679374718348,-0.0012585607451216653,915.1370970429186,0.022445142068921786,8.092852627833306,-0.0032482292822640763,71.20107566798092
1.2752916731953283,-0.0026497072461031724,0.0021985347518064156,7.759416288233803e-08,4.208117990355939e-05,3.1409816507334085,-0.07004314404785153,1.5707964282197253,0.9993867607878536,-0.0003053123165702746,0.03501441179011827,5.3866416339943415,-0.0013233546685958082,916.7516285163987,0.02267900935772249,8.20734163940257,-0.002540131204194043,72.62276071137015
1.2979706825530508,-0.002730606524746381,0.002420016339198041,8.096574445968945e-08,5.455433593246048e-05,3.140920662199612,-0.07009546323519945,1.5707964600998148,0.9993858347083723,-0.0003357870152933308,0.03504055499388655,5.574107949020384,-0.0013721370032937807,918.4152192412851,0.022918934865929108,8.321956027653263,-0.0017785271772786252,74.0442546238203
1.32088961741898,-0.002797244557800163,0.002646483810275742,8.363839070949744e-08,4.046892607619145e-05,3.1408572162659216,-0.07015358037408383,1.570796499241948,0.99938480490327,-0.0003674894359572551,0.03506959531962577,5.766202801425828,-0.001402468734083727,920.1292178141695,0.02315853987673555,8.438662197682207,-0.0008456063704424543,75.4921279380698
1.3440481572957155,-0.0028092351685192443,0.0028412296209882996,8.37961161921694e-08,0.00012844559444828824,3.1407921835495483,-0.07021719284233582,1.5707965463128053,0.9993836764885984,-0.0003999845145357137,0.035101381542924644,5.963057114783172,-0.001407621698220406,921.8952936376523,0.023403911802996502,8.55947724950075,0.00042473574664190984,76.993073617591
1.367452069098712,-0.0027806292266143867,0.0030180918952325,8.28817832274812e-08,1.0577491271613546e-05,3.1407267649005837,-0.07028572543850646,1.5707966016514212,0.9993824594900612,-0.0004326721823382441,0.035135626238059055,6.164841581690163,-0.0013795939607159028,923.715386851904,0.023631293539190024,8.680994937526727,0.0019521618172817432,78.4991013344405
1.391083362637902,-0.0027586233450673735,0.003221325755489735,8.203293116087928e-08,6.588116929701352e-06,3.1406613275561277,-0.07035939626936939,1.5707966661223887,0.9993811498858297,-0.00046536890737036566,0.035172438384722365,6.371436919137069,-0.0013142965390200057,925.5884187653003,0.023888738170109614,8.800723073306044,0.0035472405217525085,79.97703984068728
1.4149721008080116,-0.0027531021929017674,0.003460889874573073,8.164220406723951e-08,3.663716354895171e-05,3.140595563778798,-0.0704391037128722,1.5707967412751707,0.9993797314977871,-0.0004982284176772712,0.03521226688114518,6.583143443035078,-0.001209281086575498,927.517132738029,0.02414994047197716,8.921013895106245,0.00520592999703255,81.46035964264094
1.4391220412799888,-0.002795655303183517,0.0037667026585720036,8.356007358937034e-08,9.961845519485794e-05,3.1405286608927656,-0.07052624152157967,1.5707968293721375,0.9993781791646037,-0.0005316567328714626,0.0352558081503034,6.800090066461501,-0.0010632455870216938,929.503027166553,0.024406741963981293,9.042859011686101,0.006837602834547582,82.96437726769591
1.46352878324397,-0.002886676971823978,0.004139483435058931,8.921210624425397e-08,0.00010458743924603876,3.1404593794208204,-0.07062262031915813,1.5707969334836853,0.9993764600324936,-0.0005662731149604495,0.0353039669093528,7.022320738503153,-0.0008764624101324472,931.5467771422129,0.024650902506277106,9.164553687589532,0.008419075119642534,84.46481723853604
1.4881796857502472,-0.0030033882848511523,0.004558141804927931,9.750474933285403e-08,2.8482331306958104e-05,3.1403868169845213,-0.07072974244033325,1.5707970568540297,0.9993745464796069,-0.0006025283717358021,0.035357493819817815,7.249777056232768,-0.0006484280554674574,933.6479651892885,0.024896280686163896,9.286927795985617,0.010045616443494111,85.9722402393311
1.513075966436411,-0.0031332732983167647,0.005011257071147475,1.0733302039872384e-07,2.2517618627398444e-06,3.1403103857978074,-0.07084885267815641,1.570797202925319,0.9993724152335302,-0.0006407161029515188,0.035417010845866306,7.4825819994124245,-0.0003761757131894932,935.8080916715404,0.025163048732563364,9.41290095670816,0.011818132592649043,87.52693578212867
1.5382390151689744,-0.003226509598411819,0.005453016647627522,1.134456317417989e-07,8.558797458361663e-05,3.1402302584348103,-0.07098056172212931,1.5707973748305637,0.9993700542268089,-0.0006807499716154168,0.035482823097867135,7.721102032087749,-5.239859327155953e-05,938.0311220699348,0.0254392756566868,9.542270426755929,0.01391476170760993,89.12310340267055
1.5636782908256612,-0.0032735468063948784,0.005874571720392553,1.1584733021545038e-07,3.647650261623819e-06,3.1401474744924434,-0.07112469019209097,1.5707975748575265,0.9993674655582667,-0.0007221104242364225,0.035554840905018925,7.965536213958741,0.0003322557647705926,940.3191345625439,0.025697334728127075,9.671744931622124,0.01631456524717589,90.71348643980645
1.5893756255537883,-0.0032805872048580365,0.006281033997047483,1.1585059067410771e-07,4.0004749188830004e-05,3.140063160772049,-0.07128091452905644,1.570797804959383,0.9993646539169906,-0.0007642343435656659,0.03563290255341346,8.215793437286678,0.0007865200085497067,942.6713619941705,0.025979068061239063,9.803168805196877,0.019038239823884893,92.32406422052043
1.6153546936150274,-0.0032502449267732074,0.006674755105450728,1.1417966334625925e-07,4.572633519743335e-05,3.1399782488498933,-0.0714492233479297,1.5707980673770325,0.9993616183692805,-0.0008066561577829713,0.03571700231474516,8.472251908596713,0.0013211827736443727,945.091725070032,0.026254444948893063,9.93756188449678,0.022103849913240357,93.96859275442633
1.6416091385639204,-0.0031962465253167994,0.0070676107526452744,1.1169581229338945e-07,0.00026432002299031133,3.139893555183315,-0.0716296319000581,1.5707983642503112,0.9993583574263694,-0.0008489678227947215,0.03580714776738473,8.734959130525496,0.001945191889308784,947.5808490561161,0.026531238647829358,10.071526834855922,0.025392593798408386,95.59981370240823
1.6681403772117498,-0.003102589130534677,0.007443550378231142,1.0834036976024183e-07,5.677181386539372e-05,3.1398097877586033,-0.07182227164355505,1.5707986977864654,0.999354867421678,-0.0008908154957867933,0.03590340455213113,9.003982610042117,0.002666213480147185,950.1392807280102,0.026752954896861914,10.205553695937684,0.028966377423334713,97.22348413930901
1.6948933321086117,-0.0029103514051246567,0.007745414023459895,1.0450365943477526e-07,0.0001309667648378723,3.1397291018146705,-0.07202562915297006,1.5707990669416607,0.9993511748971835,-0.00093112226790266,0.03600501642029331,9.278863131312644,0.003495692869443591,952.76270964709,0.02703204926296987,10.341252578962145,0.033054540948250444,98.8595270105214
1.7219253813715816,-0.0026536308635983813,0.008004190415522224,1.0132561750206851e-07,0.0001715664704449639,3.139653890579848,-0.07223845721917345,1.570799470162481,0.9993473020849971,-0.0009686923394397603,0.03611136016114041,9.560287819650373,0.004450198411241063,955.4576980671081,0.027293998804473585,10.477068564788519,0.037497696618266615,100.4869939701826
1.7492193801760552,-0.0024157249923388246,0.008294926659864683,9.77074001541422e-08,4.2421243667414445e-05,3.1395847331232627,-0.07246082000970862,1.5707999077202535,0.9993432469114476,-0.0010032363613303257,0.036222467803077044,9.848135840393734,0.0055360246946506726,958.222979200748,0.027547405440930595,10.612429489776156,0.041995028002065435,102.10143636597599
1.7767667856169858,-0.002157502920860492,0.008578646545658234,9.436770198925932e-08,3.760050671485424e-06,3.139521560241243,-0.0726933557215562,1.5708003809392639,0.9993389964699436,-0.0010347888830240176,0.03633865818549533,10.142404879299402,0.006758268056672356,961.0585672361918,0.027838740948794793,10.749701358437983,0.04672773953724342,103.73347807079972
1.8046055265657805,-0.0018296800804104224,0.008807655930165484,9.24198020794855e-08,9.580739956279158e-05,3.1394658715135435,-0.07293549650058745,1.5708008883544917,0.9993345604197761,-0.001062600659684055,0.036459647540994726,10.44367670062705,0.008131827607853276,963.9703652936283,0.028143920348465468,10.891864192135456,0.05193189068740916,105.42102205147361
1.832749446914246,-0.0014569249012423616,0.009002170410052352,9.155990079503835e-08,0.00012123636659990006,3.1394195196248584,-0.07318617493421417,1.5708014266323795,0.9993299578620074,-0.0010857460754959657,0.036584902498970895,10.752279094803963,0.009671378129898245,966.9617837098924,0.028426539514077698,11.03549640154006,0.05741490339902896,107.11749147609629
1.8611759864283237,-0.0010563275407582976,0.009174103769107999,9.140110876689787e-08,9.49718187911817e-05,3.1393837197961005,-0.07344456233164072,1.5708019922084906,0.9993252033998983,-0.0011036180549895734,0.036714008964511755,11.068090347224079,0.011385489981018296,970.031679900711,0.02870476814507561,11.18107117153827,0.06311599104522293,108.8297825913442
1.8898807545733993,-0.0006522173370657912,0.009342071715378666,9.127784162646959e-08,4.40189401698448e-05,3.139359173387364,-0.07371031484549904,1.5708025820072364,0.9993203025496954,-0.0011158662773354208,0.03684679509402632,11.391204303356417,0.013282113204842228,973.1810747051649,0.0289932591542843,11.329243758912225,0.06895409386289694,110.56733240120954
1.9188740137276836,-0.00026716977213772197,0.009522887981715175,9.07088706804572e-08,0.0001659360644619014,3.139345949700269,-0.07398368405365995,1.5708031939285945,0.9993152494380467,-0.0011224562160129683,0.0369833865394821,11.721889525721384,0.01536784410973874,976.4127306032615,0.02929942247958106,11.478806853048708,0.07479622138244184,112.31409497238081
1.9481734362072647,4.3948065194744385e-05,0.009762918037596985,8.88856083558235e-08,0.00014906664970302142,3.1393428381610455,-0.07426606678386442,1.5708038283401267,0.9993100160082711,-0.0011239927745766293,0.037124481151527194,12.06047466963502,0.017644280962623365,979.7299196293137,0.029573097818283767,11.630739315281025,0.0804711792130911,114.08482438314098
1.9777465340255485,0.00031456631198062277,0.010025345169516564,8.679664843978925e-08,0.00012288164994369736,3.139348074853628,-0.0745587362835114,1.5708044856318797,0.9993045756603414,-0.0011213573285825834,0.03727071500302576,12.406797751562891,0.02010938451963738,983.1314293080826,0.02985431826815388,11.78874771083743,0.08617905105014498,115.92744427586146
2.0076008522937023,0.0005982740577563447,0.010255079709728637,8.51556859082911e-08,5.793235472395129e-05,3.139361603847,-0.07486157786607503,1.5708051630693722,0.9992989282196448,-0.0011145779349316955,0.03742203069789394,12.76120370348234,0.02277049616842052,986.6210740179166,0.03014603029023588,11.950878716398877,0.09201394194819035,117.81248096397583
2.037746882583938,0.0009629390972882209,0.010383254528638782,8.4796901932439e-08,6.179875499152852e-05,3.1393848230053196,-0.07517298717053282,1.5708058541659897,0.9992931022085582,-0.0011029563768694545,0.03757762654966783,13.123988783638067,0.02563674620273039,990.2017860164782,0.03046017231822562,12.114945337137325,0.09810822353650375,119.70702705755143
2.068207054902164,0.0013976719620274888,0.010413796999092229,8.553492279446873e-08,0.00013122147061401127,3.139420822615382,-0.07548973785696032,1.5708065478710678,0.9992871580117252,-0.0010849489766835657,0.037735890500046276,13.495610260065568,0.028723603660681545,993.8780267927971,0.030776410206465155,12.283102208602456,0.10446440707817904,121.63926235235989
2.098983465108629,0.0017400930636954678,0.010490335980503245,8.523093978887774e-08,0.00013040353061825503,3.139469358621867,-0.07581125397174712,1.5708072382372753,0.9992811047998923,-0.0010606779161266707,0.037896534703705236,13.876329619052939,0.03203430632071863,997.6525816444929,0.03107456546066123,12.455087947859969,0.11051587463763769,123.61153387918122
2.13005803056929,0.0019776905513980217,0.010616840882310788,8.429277682591682e-08,5.6502340405512875e-05,3.139527317344663,-0.0761391135278367,1.5708079245896551,0.9992749093339808,-0.0010316990031126055,0.038060347474463796,14.266066169320846,0.03555705196178981,1001.5246260107685,0.03137586335024345,12.625208535457366,0.1160351084192171,125.54887401442103
2.1614338939195337,0.0021234298491755906,0.010773792670418066,8.320942797583491e-08,0.00032533773769212785,3.1395918237121134,-0.07647464349870703,1.570808606307043,0.9992685428466197,-0.0009994488009396583,0.038227991685751986,14.664906979128663,0.039279540921068126,1005.4946589238331,0.031703269749980834,12.79534522740454,0.12109912183663984,127.47504007428489
2.1931371636695145,0.0022126843469870037,0.01092129980830055,8.219010238653295e-08,0.00012054153724820011,3.1396606319081917,-0.07681860856200566,1.5708092821607018,0.9992619873276875,-0.000965049470584677,0.03839984926724284,15.073324660229432,0.043196029785418984,1009.5672482668318,0.031948863016651785,12.966184676038495,0.12582789468929031,129.39688466569365
2.2250860266861663,0.002255735437514323,0.011042173811361078,8.124123520499424e-08,4.858388134813635e-05,3.139732078224413,-0.07716955048012353,1.5708099470454606,0.9992552677343381,-0.0009293324335333153,0.03857519151865619,15.490327572799883,0.04728770184789765,1013.7320912381512,0.03226178885922115,13.134787060467689,0.13017284665078532,131.27612831260905
2.2573478155453874,0.0022539635450897623,0.011128849864223021,8.032821605446913e-08,4.931299119075611e-05,3.1398049068620417,-0.0775272792495611,1.5708105989090808,0.9992483852116677,-0.0008929252029435047,0.038753923409559465,15.916867212982577,0.05155467706739015,1017.9982842235647,0.03260099450745235,13.304708137223695,0.1342231709714355,133.15782835424636
2.28994881005284,0.0021591105246768823,0.011219430265701456,7.945193649747274e-08,0.00014960014966419857,3.1398770981722937,-0.0778915162109925,1.5708112360212303,0.9992413424250775,-0.0008568369071327487,0.03893590561002495,16.35344258483633,0.055991462816493184,1022.3705987692632,0.03294352892148478,13.474833044258387,0.1377966043711995,135.02881287100348
2.3228923389743246,0.0019467710349062436,0.011330505802201822,7.858369883014146e-08,7.539006584251755e-05,3.139945017071549,-0.07826288884801734,1.5708118593431881,0.9992341238648415,-0.0008228836745298052,0.039121451504341334,16.800203966007103,0.0605833220819516,1026.8502041846996,0.03325662417105013,13.64505187691307,0.1408161959488351,136.88820014869515
2.3561489631453747,0.0016073124124149464,0.01146611737576402,7.761019165116065e-08,0.00037978397518654373,3.140004410409385,-0.07864189963257764,1.570812471085822,0.999226716202102,-0.0007931903529066784,0.039310812011818824,17.256940605244367,0.06531102598030235,1031.4348809893868,0.03359737484607184,13.820279707874983,0.14336437504611846,138.798834127924
2.3897463379914465,0.0011711977869747424,0.0115941623683904,7.633394081515483e-08,0.00028587313106762634,3.1400512534665137,-0.07902935059401026,1.570813075690492,0.9992191002586087,-0.0007697675470597474,0.03950438771651053,17.724361876054143,0.07016690550125201,1036.131975942314,0.03383934852362991,14.002674672429409,0.14559641347363322,140.78570036595815
2.4235856865150764,0.0007107478139461174,0.011646476513834974,7.47943474596236e-08,0.0002148733569915435,3.1400826922334124,-0.07942317188623972,1.5708136748138735,0.9992113140380534,-0.0007540410106175206,0.03970114439833085,18.20146759831844,0.07513078334511518,1040.9317074697144,0.034114843752232726,14.193720901158782,0.14779642729107642,142.864641189401
2.457700530267309,0.00041018905110387866,0.011452807957515718,7.376404569619637e-08,0.00012070451060462857,3.1401013011829546,-0.07981788238732844,1.5708142658347184,0.9992034663310186,-0.0007447245161873014,0.03989834364099458,18.689052121494008,0.08021839500591506,1045.841984036693,0.034416803323504386,14.387965458588095,0.15048187471536265,144.95897448969168
2.4921173335908136,0.0001350134878936787,0.011137320330071428,7.302998718324829e-08,0.00035240776049701443,3.1401107248402464,-0.08020680662635904,1.5708148427498883,0.9991956922283294,-0.0007399973698671098,0.040092650420818776,19.18765029759717,0.08544573110981844,1050.8675936088098,0.034753845526045435,14.58218810681785,0.15318644189866482,147.03319273208163
2.526871179116859,-0.00016105292802406018,0.01074486920896597,7.250820194396166e-08,9.94179621415948e-05,3.1401102123438402,-0.08058731840816902,1.57081540537404,0.9991880461000677,-0.0007402346526478285,0.040282752763516776,19.697831860975754,0.09081509989003647,1056.0135774778,0.035013662578127214,14.774284175158602,0.15574638934066737,149.0629697799904
2.561884841694986,-0.0004394804950804053,0.010247112513993245,7.231708172686878e-08,0.00030833132365367814,3.1400995127377023,-0.080955184389752,1.5708159512940985,0.9991806159048158,-0.0007455617688041249,0.04046653582010529,20.218528831871517,0.09631405696789654,1061.268483723759,0.03536400299668019,14.965430237356452,0.15833153985532006,151.06313684498934
2.5972488446916664,-0.0005956902750648489,0.009554169145789803,7.224570117260827e-08,0.00012932952350294864,3.1400806981855207,-0.0813059464284279,1.5708164771040125,0.9991734964260834,-0.0007549435554619821,0.040641772515154724,20.751275372554588,0.10196690280692135,1066.6473081996314,0.0356439687311072,15.160532153690887,0.16138925655349162,153.09020605810485
2.6328928134227736,-0.0006813295044445505,0.00872514186478153,7.198718294395737e-08,0.0006430580458208619,3.1400580109337377,-0.08163179099737636,1.570816972261401,0.9991668530945247,-0.000766260972357397,0.04080455955492536,21.295234588844945,0.10778059030792903,1072.1411157979053,0.03598995421223172,15.358751920277792,0.16475801481803318,155.13722553155094
2.6688827676350053,-0.0008375008338137366,0.007899783492838881,7.218404518146152e-08,0.0002826052053769681,3.1400310571382684,-0.08193071066445781,1.570817433568408,0.9991607328819151,-0.0007797108835604522,0.040953894301682496,21.85173665357078,0.11377198945242474,1077.763251602849,0.03615440741231746,15.566116104336533,0.16811480727860062,157.28319723814514
2.7050371750473228,-0.0011863576329165827,0.007209112036723486,7.271744342666964e-08,3.890723284594988e-05,3.139995038863814,-0.08220337235806924,1.5708178623635396,0.9991551261207469,-0.0007976901916418936,0.0410901101258593,22.418475045197454,0.1199063923708294,1083.4909474775936,0.03644993165653254,15.782718627659158,0.1710946490110497,159.53637959111015
2.7414871067038553,-0.0016220556024699132,0.006569935909291681,7.309331744116675e-08,0.00016435745546264748,3.139943836942158,-0.08245451211486671,1.570818267870695,0.9991499378213168,-0.0008232555548768151,0.04121557317515449,22.997874450542167,0.12619682343712876,1089.349052705461,0.03683669924497224,16.00628171937814,0.17402702804442494,161.8646227828428
2.7783238059488276,-0.0020206318052790368,0.005886050741544613,7.348081647653723e-08,0.00015546386292013967,3.1398763113941177,-0.08268426397570418,1.5708186522079775,0.9991451681934553,-0.0008569763575695205,0.0413303505424065,23.591733511765387,0.13266683869588586,1095.3557656543685,0.037181359075111775,16.23425265346816,0.17730427893507733,164.2326249902414
2.8155051650239393,-0.0022703374991752366,0.005078724857110928,7.373028417795721e-08,0.00031569141890204104,3.1397960144488155,-0.08288845349658289,1.5708190086298135,0.999140908169236,-0.0008970781917142266,0.04143235696007594,24.19970452382368,0.13933269771142465,1101.5073895498592,0.03753255044783366,16.465306827613972,0.18130034114885865,166.62228958590345
2.853037715471773,-0.002361725966540968,0.0041636545761503455,7.323072116468904e-08,5.145715866238692e-05,3.1397085985147215,-0.08306213649452059,1.5708193259999728,0.9991372661962877,-0.0009407376432440598,0.04151912267249835,24.822053594460005,0.14622426332077748,1107.8060948528084,0.037826921461700636,16.694176541681063,0.1859652759072391,168.97158291152004
2.8908646369334736,-0.002453772816051923,0.003313290366017998,7.256258979131494e-08,0.00010053827198023879,3.1396178981865237,-0.08320292023755248,1.5708195952353128,0.9991342974277938,-0.000986039385623321,0.04158945254586337,25.457944407963044,0.15335358269789526,1114.2429588935256,0.038223552938785765,16.923683629949238,0.19087855732145667,171.3228011524494
2.9290881898722594,-0.002586652706419718,0.0025881062643006002,7.185315977428736e-08,9.027077728561576e-05,3.1395210928936077,-0.08331577130959489,1.5708198210267874,0.9991319002377833,-0.0010343923387566352,0.04164582780816986,26.109326422107717,0.16074634252866013,1120.8377587044697,0.03860558272149861,17.155729340540784,0.19597565049118212,173.70108139032848
2.967693772593758,-0.002583118462442405,0.0018531836622916842,7.06297654092618e-08,3.10574534757548e-05,3.1394212067415994,-0.08340113846230769,1.5708199995316914,0.999130068832097,-0.0010842859051435373,0.041688472767343374,26.776146893051703,0.1684236868102907,1127.5897590150817,0.03899539457183643,17.385386581925122,0.20170958480753864,176.04320840895713
3.0066891671655944,-0.00270436744323993,0.001372928924878388,6.95170763778631e-08,5.050650922922273e-05,3.139318644618025,-0.08346302740732506,1.5708201344639787,0.9991287214121589,-0.001135517706579858,0.04171938860568656,27.45851523366163,0.176398324208095,1134.4996229984413,0.0394122329355997,17.607840061342877,0.207143734314154,178.30260417944632
3.046101400101194,-0.0027234924235704887,0.000963108779299935,6.825962069073472e-08,0.0001670627462720977,3.139210854693125,-0.08350922244954695,1.570820239354882,0.9991276948841142,-0.001189362098030558,0.04174246407608599,28.15692278894712,0.18467944680660703,1141.572110616311,0.03982586175482661,17.831675354714417,0.2132201966678604,180.57530415639206
3.0859272618560207,-0.002383907259558758,0.0004088555416404549,6.646208703929696e-08,0.00011393732172059373,3.1391074977404116,-0.08353740375274296,1.5708203051595238,0.9991270438095811,-0.0012409932201840573,0.041756540464731574,28.871855590621667,0.19332316848791048,1148.8125012043306,0.04019741205575533,18.06908516222572,0.2211002765392393,182.9992597983077
3.126124673911776,-0.0015350607215407035,-0.00041258195095134184,6.329971033127394e-08,0.00030704684443726095,3.1390270695242206,-0.0835381641284175,1.5708203040230735,0.9991269772208519,-0.0012811722209190015,0.04175691868134061,29.603142728416405,0.2024063159388109,1156.219266121773,0.040593783733671174,18.31360853912261,0.2310648457690595,185.49359643627514
3.1667184576454472,-0.00023937090297922658,-0.0014353736342245832,5.9040336373698276e-08,0.0004381172648547425,3.138990091428782,-0.08350084017726513,1.57082020415493,0.9991277324523267,-0.0012996484485748934,0.04173827215035001,30.351689035756205,0.21202247572861427,1163.801521017774,0.04091567342275004,18.56349971758641,0.2428005770953549,188.0407771810431
3.2076341310681973,0.0011077417891395176,-0.0022963673186154276,5.688061239242615e-08,0.00030482209753374454,3.1390081266795926,-0.0834235702139206,1.5708200000725558,0.9991293559376824,-0.001290645487717365,0.041699671085991985,31.116442133513942,0.22220582348491527,1171.548728213106,0.04118648720110363,18.813770645103887,0.25478895298252824,190.59727940119848
3.248820618269301,0.002382168565651231,-0.0028902769342943136,5.6563526586276935e-08,0.0002263314594212732,3.1390803552151825,-0.0833158008592438,1.5708197214815507,0.9991316474124821,-0.0012545719208098933,0.04164583457714572,31.896538421233068,0.23294399929242163,1179.4524063170304,0.04151399304612857,19.06418550502894,0.2664768705008285,193.16614874787996
3.2903346113154295,0.0034897898591886357,-0.003146949404018075,5.67597060586096e-08,5.6787496862681116e-05,3.1392031601345343,-0.08318908845870389,1.5708194067237462,0.9991343590717544,-0.0011932332124330982,0.041582535532419515,32.69326828230085,0.24424035059823787,1187.5262590563075,0.04187668774331099,19.31550263884,0.277438926843521,195.7595282468826
3.3322112990587405,0.004404278992390609,-0.0030677129329977,5.647153107457909e-08,4.160803423912507e-05,3.139368677582646,-0.08305830744407598,1.5708191006891326,0.9991371713608656,-0.0011105562517619658,0.04151720437975011,33.5073799627567,0.256069173147828,1195.7783322812663,0.042313550585748594,19.562700651619846,0.2873043440854909,198.31731294413083
3.374524849644489,0.0052090016247331285,-0.002762857404459635,5.565341539676292e-08,0.00026154716578583335,3.1395732283166637,-0.08293357439170232,1.57081883159339,0.9991398670531647,-0.00100837802493019,0.04145489478308355,34.340365744724565,0.26842210642933834,1204.2239386137153,0.04276139380557664,19.805168743640344,0.2962050566865563,200.8271141475736
3.4172862434500657,0.005570343008380171,-0.001970658010499308,5.385338067544376e-08,0.00010242213673306299,3.139805472778967,-0.0828305990734095,1.5708186309889622,0.9991421104995712,-0.0008923623056277408,0.04140345453566272,35.192524816318155,0.28124588983001136,1212.8664997681733,0.043119927923888746,20.050027912978525,0.30318517325786754,203.38397562950735
3.4604061713739545,0.0054536314270747155,-0.0007138248674675189,5.3004304324897394e-08,0.0002885929379381725,3.1400448472272924,-0.08277121492987881,1.570818527196893,0.9991434390599652,-0.0007727811828129718,0.04137379067310987,36.062535044691316,0.2944345496450594,1221.6939480640465,0.04355008277951411,20.29887295972271,0.30808947304039036,206.00621182148916
3.5039562541534686,0.0049250763970061515,0.000890085117630837,5.476698720839631e-08,0.00033774222853088354,3.14027213877453,-0.08277412866228136,1.570818526368505,0.9991434601540048,-0.0006592327101601457,0.04137524840248706,36.95200066905167,0.3079224327191706,1230.72318139328,0.043903451226721124,20.545835548044405,0.31097272507673357,208.61624780118186
3.5478597053801897,0.004245474635354165,0.0025385582134143892,5.727954729829446e-08,9.567996784705016e-05,3.14047331722012,-0.08284999295136843,1.570818613947583,0.9991419512411832,-0.0005587265299618841,0.041413149476676424,37.859665416911156,0.3216186276227519,1239.941957114238,0.0442381086956396,20.798165988875073,0.31279780315371863,211.28828916104
3.5920978140758293,0.0034097722923348422,0.004174843467765194,6.020379122918705e-08,0.0003040741910604966,3.1406439665792956,-0.08299796941959668,1.5708187619034357,0.9991389284580873,-0.00047346971354005876,0.04148707502697647,38.78548492364181,0.3354807989103433,1249.349895091932,0.04468240088311548,21.05440738446439,0.31358377680462346,213.99998301378068
3.6367802149589448,0.0025048325821244257,0.005664367681074659,6.245614700006075e-08,0.0002105818324271611,3.140774429943515,-0.08322021435189211,1.5708189531763672,0.9991343409042117,-0.0004082870872839809,0.04159810205888299,39.73208081612864,0.34949154532110577,1258.9735829588262,0.04503803964379838,21.31292261922608,0.31366831430058023,216.72263515662797
3.681818254602743,0.0019425269352586203,0.006580273061594561,6.168802747402388e-08,0.00032753002685401297,3.140874984592285,-0.08349663049480124,1.5708191615763112,0.9991286014345381,-0.00035804530786799084,0.041736190366208396,40.697822608187295,0.36363817295867484,1268.7952885797433,0.04543861615070899,21.571029243331207,0.314409625109248,219.406329662932
3.727256870753452,0.0012716184283371567,0.007300377395348876,6.062701562476411e-08,0.0001152408903189792,3.140947349507056,-0.08381374370789968,1.5708193735951719,0.9991219836290192,-0.00032188599043708684,0.04189460841930437,41.684043988433785,0.3779275808274498,1278.8277725659457,0.04578961581668617,21.83482475599699,0.3145617616430275,222.135931618533
3.7730464865701383,0.0007953495377163208,0.007529493948183136,5.902274656181673e-08,0.00018940622989627027,3.1409950059345455,-0.084154148654602,1.5708195818860196,0.9991148459789523,-0.00029807022263338297,0.04206466091256798,42.69007412497248,0.39234646916076454,1289.0632592927325,0.046240533229728875,22.103365930199132,0.31512638417746497,224.88811630351165
3.819287019799867,2.9058215689976396e-05,0.007711766671974471,5.7277661522154916e-08,0.0005866271195509804,3.141014206627553,-0.08450753825343026,1.5708197855367272,0.9991074005922371,-0.00028846986578047045,0.04224119868932855,43.71848164284552,0.40690913967779074,1299.5269879250257,0.04666159664458158,22.373370114705594,0.3146742760648725,227.6384193626734
3.8659486164444488,-0.00024095299269690542,0.007155114273445143,5.571136026904843e-08,0.0006475752630798411,3.1410068488582663,-0.08485758531310397,1.5708199866613997,0.9990999910188888,-0.00029213698014819364,0.04241606537240287,44.76885089299657,0.4216092639766616,1310.213352717924,0.04690114462733952,22.643114475617097,0.3156823659949425,230.34140962513925
3.9128497610717883,-0.00027701986121141955,0.006153106666875383,5.417137804039349e-08,0.0001745173265651468,3.140994581507963,-0.08517052227868721,1.5708201698215858,0.9990933402018639,-0.000298257398515359,0.04257239253477237,45.83716022987312,0.4364553491169704,1321.0793122967743,0.04711333700753206,22.90981578197866,0.3173956102048817,232.97759969119625
3.9599630980793203,-0.0005709448834845594,0.005227829375472221,5.284173994898615e-08,0.00020592163408408845,3.1409759331342513,-0.08543783251872623,1.5708203294666812,0.9990876384365415,-0.0003075663733478641,0.04270592610905545,46.92307245731962,0.45143747099632,1332.120713261233,0.04754936277841404,23.184778789941934,0.3184195859912829,235.7001554615278
4.007512460857734,-0.0006270090881920371,0.0040117713522327195,5.132561448734141e-08,0.0007976109694944393,3.1409453811949577,-0.08565942875397407,1.5708204671324546,0.9990828957538584,-0.0003228225967042101,0.04281662287504163,48.032045008855654,0.46661458070574724,1343.3925246963777,0.047974491344146664,23.457841824938757,0.320210400076784,238.3764143769723
4.055486952201881,8.620008942951428e-05,0.0021229233785526724,4.730936438728198e-08,0.00021196962657468426,3.1409291080200386,-0.08580921486735446,1.5708205639000075,0.9990796836251425,-0.0003309476788477684,0.04289144712658451,49.16414729119357,0.48206825354107385,1354.894000549193,0.04811956094341241,23.73699214546345,0.3244521403187347,241.0879169127877
4.1036065131452935,0.0009636770317034243,0.00022325266744011832,4.305511938023621e-08,0.00012285798401316498,3.1409559900017934,-0.0858634133661261,1.5708205978971548,0.999078525290526,-0.00031751763012796474,0.04291852145049981,50.313236044077215,0.49780139451283234,1366.561906776367,0.04854687726014806,24.019353539680377,0.3292284843236104,243.83034863665054
4.1521533904054415,0.0008871248372971067,-0.0005779083964456193,4.1497718050292424e-08,0.0001258918433245781,3.1410065937933376,-0.08584848971563852,1.5708205870277168,0.9990788532271637,-0.00029223946682842435,0.04291106652347639,51.48616536470426,0.5138458693334729,1378.466389834367,0.049021249195306815,24.299432250948364,0.3310154404190758,246.57962034278822
4.201174639600748,-6.112487916613743e-05,-0.0002722185013457555,4.0056044192654136e-08,0.0005219267134837848,3.141028294388474,-0.08582488402182317,1.5708205715256265,0.9990793627423175,-0.0002813997824085684,0.04289927454593402,52.68417869954476,0.5300536854672697,1390.6217064040281,0.049498769182222624,24.571674708853948,0.33000700568662983,249.2727518640993
4.250673408782971,-0.001227770223551233,0.0006041942185260321,3.905061025184413e-08,0.00014272820719277992,3.1409966576562587,-0.08583124239292136,1.5708205734367953,0.9990792217762584,-0.0002972034653586956,0.042902450799384394,53.90707387027029,0.5463468419629962,1403.0261007679394,0.049784908344019385,24.83646222664599,0.32827738525625905,251.89516991339042
4.30045831712699,-0.0026176468158235437,0.0020773060514040157,3.937231245962694e-08,0.0005294927882315623,3.140902380616905,-0.08589505980236314,1.5708206131028382,0.9990778371866047,-0.0003442968699108267,0.04293433002837825,55.150115940979276,0.5626373723706121,1415.6319433323144,0.050261485228671354,25.094772363193723,0.3259870059181711,254.45968780588004
4.350719802355662,-0.0033609703586951318,0.0033343794378380464,3.899980745393553e-08,6.012253947693026e-05,3.1407452978376704,-0.08603583827119746,1.5708207205362097,0.9990747824749369,-0.0004227613849598665,0.04300465392319154,56.41787222805822,0.5789989411525603,1428.4853010346537,0.050548230626643154,25.34914651228792,0.325927869163813,256.9633239789785
4.401268032982305,-0.0031154321839967055,0.003997957443679704,3.761465814054929e-08,0.00015962402933243796,3.140580082507164,-0.08622145195558907,1.5708208931644818,0.9990707487160876,-0.0005052857449733681,0.043097374108311014,57.70606506806786,0.5955564251415474,1441.541669420639,0.05107387028362265,25.61771845134588,0.3294310741785007,259.60261295986294
4.4523419032659275,-0.0023551805979909277,0.004402844483330872,3.6314660625129104e-08,0.0004177989877542202,3.1404376370800517,-0.08643787616374264,1.5708211286130085,0.999066040690378,-0.0005764331624264216,0.04320548467790374,59.021504184461065,0.6125149180944445,1454.8696710661402,0.05155415668706009,25.889989320577786,0.33499345163859634,262.2635435881338
4.503896059952988,-0.0010812415301868093,0.0044175727440080295,3.5376276546373296e-08,0.0005113396500459978,3.1403476073144994,-0.08666656476445948,1.5708214047662536,0.99906106690181,-0.0006213955249310612,0.0433197213760231,60.36334862579759,0.6299735191637984,1468.4594768808597,0.051905859665833276,26.161202538514804,0.34245072588939207,264.8861481001869
4.555801919618821,2.92530668200364e-05,0.0045079258155466635,3.432812253492738e-08,9.812738879030292e-05,3.140322918938527,-0.08689647728694104,1.5708216953665965,0.9990560726846307,-0.0006337172056251753,0.043434569324093994,61.72823860759088,0.6479417545257312,1482.2756355060342,0.052211408880989296,26.424478272579712,0.3495326576285914,267.40837147113797
4.60801332849981,0.0005034223992813234,0.0049597774525898895,3.30465024196495e-08,0.000358698005771763,3.1403397242588715,-0.08714222896995653,1.5708220057077202,0.9990507333771105,-0.0006253108127950056,0.04355732907281775,63.114798721051855,0.6663375472190316,1496.3035836745166,0.05273450068649499,26.687308895882534,0.35477673274892324,269.9265437230089
4.660747829186305,0.00020632612149522155,0.0057784746365196794,3.194342172907476e-08,0.0004668403045705508,3.1403617688075856,-0.0874240285932013,1.5708223543064614,0.9990445930770129,-0.0006142857943647403,0.043698094964789984,64.52934793960489,0.6851377548775609,1510.6075453367673,0.05312542259173014,26.958524362315167,0.3578199489003947,272.53891518310144
4.713873251778035,0.0004126840585471205,0.005886961904498048,3.0728332731740986e-08,0.00019262744778171656,3.140373848102559,-0.08774174307897209,1.5708227442760554,0.9990376424094095,-0.0006082370624227801,0.04385680008450593,65.9689279486361,0.704253924543648,1525.1569113967153,0.05346179135560725,27.234504140304168,0.3622719760622695,275.16033852697433
4.7673350431336425,0.0010692357094450186,0.0049408981656382895,2.9299442188016712e-08,0.0006559125681930469,3.1404132190978293,-0.08803341199400669,1.570823095875464,0.9990312477375074,-0.000588557071106613,0.04400249409318581,67.4324561526131,0.7237751934195591,1539.9381939915677,0.053946888976292406,27.513358991628934,0.3679819271736441,277.7721434883713
4.821281932109935,0.001241045816115451,0.004008113850205302,2.8053807180106907e-08,0.0002047167210623999,3.140478282802332,-0.08827397389641631,1.570823372193218,0.9990259664704184,-0.0005560460765564532,0.044122658668221126,68.92430785314087,0.7437483926039525,1554.9940092919278,0.05418646033008656,27.790143316006034,0.3721057177567913,280.3464184390568
4.8754683924400215,0.0011115228636578906,0.0030398074467067725,2.698745724545604e-08,6.276780065812779e-05,3.1405420623940143,-0.08846588608144035,1.5708235795576295,0.9990217452597502,-0.0005241792347434529,0.04421852147968732,70.43733001610316,0.76399117653171,1570.2508052406902,0.0546715826488704,28.04728581414115,0.3749141068997043,282.68767286221345
4.930139975088892,0.0010448556584912263,0.0018762987052911722,2.5917570335765322e-08,0.0003100261480234656,3.1406020134728876,-0.08859946628712016,1.570823715576668,0.9990188049370531,-0.0004942276337935305,0.04428524644904839,71.97736713983899,0.7845639138635799,1585.7650265297827,0.05523865390799454,28.28444956763474,0.377479046131973,284.7871423493816
4.985378628996886,0.0006108432627214742,0.0011155560811376432,2.497446941859166e-08,0.001185580299040884,3.1406484829743415,-0.08868054839954265,1.5708237929000985,0.9990170199597953,-0.0004710125644529172,0.044325747888648306,73.5461731608964,0.805454938346494,1601.552770197809,0.05567502483005082,28.511054548492453,0.37875633430736366,286.7715302224218
5.041053653826937,0.00021125716537709007,0.0006039324343854874,2.396642122361377e-08,0.0001445228223008049,3.140670256179939,-0.08872765057375416,1.5708238355888307,0.9990159808321573,-0.0004601349116401767,0.04434927589895999,75.13955633905195,0.8265720656772702,1617.5709154937251,0.05562737797731021,28.721489029118658,0.3798644081477501,288.57563619627786
5.0966810318042475,0.0001776324007308262,-0.00014454987380706815,2.2935517354865018e-08,0.001989989986891413,3.1406762175079015,-0.088739989958773,1.5708238456820258,0.9990157085589286,-0.00045715674667963307,0.04435543954165376,76.74265697565669,0.8477525188443611,1633.6688730520568,0.05615888487843623,28.90909800949991,0.3817619169359005,290.12941625849635
5.152839916682684,0.0002257654372218376,0.0001905961419099003,2.1936041977396448e-08,0.00011698465660494132,3.14069255634305,-0.08873068660378287,1.5708238359112143,0.9990159185766001,-0.0004489957436435299,0.04435079249233988,78.37105598297228,0.8692493272719001,1650.0017402680196,0.0556588643116509,29.076269367627773,0.3835757866546923,291.45960574337437
5.208498780994335,0.00023379014248483334,0.0008475014284038909,2.096958464511087e-08,0.0002990444121416561,3.1407036660150283,-0.08875913105159236,1.570823860200188,0.9990152901875932,-0.0004434453594235465,0.04436500075520651,79.99357056278755,0.8906375375858235,1666.256184534461,0.05620562356291092,29.219884702448823,0.3850717575387104,292.5477916053265
5.2647044045572455,-4.8983980745511335e-05,0.0021131503419052323,2.0514029019620003e-08,0.0003904375861464158,3.140711610079895,-0.08883871644277046,1.570823929423824,0.9990135257478544,-0.00043947437603546993,0.04440475427001202,81.63968582205125,0.912305664507667,1682.7271209656392,0.05665580564552908,29.3497631835262,0.3856424749667098,293.49433562753825
5.321360210202775,-0.00029017809820362274,0.00346836228431615,1.9993835410450144e-08,0.0002746679765984957,3.1407004941995167,-0.08899820668049614,1.570824070015348,0.9990099790523498,-0.00044502102587401325,0.044484420579361354,83.30608744974535,0.9341684359237211,1699.3808005703686,0.05705781394765541,29.471541941558204,0.38623269436431945,294.34698796731726
5.37841802415043,-0.00037018132770233686,0.004558649049614609,1.917666568214274e-08,0.00010771067842735307,3.14068255719405,-0.08922753754341609,1.5708242764250238,0.999004867630272,-0.000453972133628971,0.04459897218780076,84.99100610496428,0.9562364134701705,1716.1979961438144,0.05752873035801809,29.582858895187737,0.38715720919196434,295.0681170499041
5.435946754508448,-0.0008593577848773644,0.005684182302177012,1.884600712423902e-08,0.001573342226085983,3.14064835978555,-0.08952315141017779,1.5708245494580304,0.9989982567749726,-0.0004710425326098958,0.04474663149423637,86.69593774653461,0.9785064751459777,1733.1919815450726,0.05809958180619734,29.68402107897711,0.38690093869731323,295.66917099887934
5.4940463363146455,-0.0009743288937153706,0.006063695332784043,1.8119683965258396e-08,0.000335465429327807,3.1405886355162247,-0.08987180653898506,1.5708248892906589,0.9989904265160672,-0.0005008607389953508,0.04492078359896304,88.42330316567026,1.0009844170322806,1750.3847560927975,0.05782457195232915,29.77337080733476,0.3874171792602273,296.10559455907907
5.551870908266975,0.0005523045650027557,0.004364769354934538,1.3939460441205932e-08,0.0056588410659705185,3.1405674986486334,-0.0901837298004987,1.5708252103887972,0.9989834031022922,-0.000511405443774656,0.045076587219147965,90.14741270550229,1.023506113585596,1767.5169368947068,0.05826666079524845,29.855568589367024,0.39233433756613995,296.4016599802231
5.610137569062223,0.002202006313987512,0.0021360797961916113,7.86006327589706e-09,2.1162027148884593e-05,3.140655289584133,-0.09036784584281256,1.5708253961022893,0.9989792706956363,-0.0004675471303533714,0.04516855184611168,91.88844144752248,1.0465301623170167,1784.7845759317884,0.05774169139489338,29.859616290532653,0.39679953795923184,295.8112903942597
5.667879260457116,0.002079131314753148,0.001317094492703793,7.245722239467324e-09,0.00013506582179130986,3.1407875352134633,-0.09046011124605949,1.5708254773174324,0.9989772146176077,-0.0004014884630548695,0.04521463776922292,93.61016243750039,1.0694345072377724,1801.8212348060626,0.05836403108708765,29.775230499275935,0.39576217470852965,294.29063486437667
5.726243291544204,0.0006146843859584047,0.0017308177634494943,6.364068261941561e-09,1.0959859995223265e-05,3.1408682581101584,-0.09054647052496292,1.5708255415873278,0.998975276726039,-0.00036116550494979686,0.045257773325392506,95.34542223205895,1.0924050834114722,1818.9527896593863,0.05892720557082676,29.688107120349617,0.3911881476188922,292.7709553715102
5.785170497115031,-0.00035374837382235174,0.0019159644170639112,5.863928874854352e-09,0.000261798331850741,3.140872355845951,-0.09065563677479255,1.5708256193681038,0.9989728056657365,-0.0003591152876475055,0.04531230046783624,97.0923188734131,1.1153504844423041,1836.1602001209412,0.059568946492876584,29.602289262130817,0.38790259220496315,291.2546357833706
5.844739443607907,-0.001150588207867073,0.0021648471225054196,5.587267124556714e-09,0.0002984198181335073,3.1408259860355243,-0.09077464900405983,1.5708257069343412,0.9989700989443648,-0.00038227248591179226,0.0453717453427484,98.85315707795442,1.138398000345368,1853.4647154657407,0.06006825439607866,29.51698755861503,0.38573967092335626,289.7393274463804
5.904807698003986,-0.002176733985347797,0.003205891624392959,6.017352033471403e-09,0.0003096801165614448,3.1407288027786597,-0.0909313273209663,1.5708258342527233,0.9989665217413906,-0.0004308084898207374,0.045450003520531856,100.62358463543619,1.1614674210388052,1870.823375299063,0.06054974961891091,29.429992107391747,0.38208965193186545,288.22788708707026
5.965357447622897,-0.0028805100451010828,0.004335937724177086,6.391537453792463e-09,0.00015727908780891454,3.140571002074638,-0.0911622629892323,1.5708260526904996,0.9989612299707825,-0.0005096179359755887,0.04556535124172981,102.40292593151094,1.1845017427422784,1888.2297931265005,0.061028286329521286,29.34332059267311,0.3791455863960789,286.7208688112928
6.026385733952418,-0.0037013046300461592,0.005821373108965861,7.318896352282594e-09,8.281481413883934e-06,3.1403697097860643,-0.0914717701335919,1.5708264014960327,0.9989541102626495,-0.0006101449388845911,0.04571994253279727,104.19103316265118,1.2075342549487398,1905.6819307610965,0.0616036127471018,29.256106737996554,0.3756694414248415,285.21776027154067
6.08798934669952,-0.00364834905862815,0.0065920218490651454,7.031070639365893e-09,0.0001195293575051129,3.140139883717158,-0.0918573135522117,1.5708269211180275,0.9989452014902773,-0.0007249165429032876,0.04591251015858005,105.99068469169275,1.2306293009918203,1923.2060535880387,0.062276150795579355,29.171174241304094,0.37440293771527355,283.7165153283718
6.150265497495099,-0.0028265581821127054,0.006568695212082628,6.797938677289006e-09,4.84989134896232e-05,3.1399311931411074,-0.09227443005986809,1.570827576455448,0.99893552326545,-0.0008291254915636557,0.04612084554459794,107.80475637184266,1.253948950323669,1940.8279780850696,0.06288675017140655,29.088624269776663,0.3751229403975108,282.2146551787042
6.213152247666506,-0.0009491869400943954,0.005349629575265502,6.29282654614251e-09,7.536402149976566e-05,3.1398092257984396,-0.09265362337632815,1.5708282379519414,0.998926708546356,-0.0008900181558643918,0.04631023836525941,109.63154804260758,1.2776448040705803,1958.528272346214,0.06354800503272973,29.009800856619414,0.3787773359545311,280.7139775471975
6.276700252699236,0.0011634310094498996,0.0035985709647626215,4.626829547588678e-09,3.840837376985681e-05,3.1398153702057834,-0.09294028779523104,1.5708287566915173,0.9989200632767486,-0.0008869290087608783,0.046453416569214145,111.47260541754663,1.3018533363650342,1976.3193142908133,0.06419914075591393,28.932885655055916,0.38320684816776834,279.2130945769096
6.34089939345515,0.0029913672959306957,0.001779994920336172,2.4703821448628967e-09,0.00048650203617833744,3.139958852352542,-0.09310538628179706,1.5708290456134968,0.9989162862426725,-0.0008152542139332178,0.046535878308819105,113.3276408955051,1.3266059163984987,1994.1963024551885,0.06488067345829052,28.856704549538293,0.38705582582923503,277.71231458044855
6.40578006691344,0.0028245397314569124,0.001403981978448259,2.327193468057546e-09,0.00011650889735516446,3.1401562504189657,-0.09320042831264208,1.5708291934963279,0.9989141492842015,-0.0007166563283351075,0.0465833497415215,115.19728258983845,1.3516796234277255,2012.1656556040073,0.06527871506887095,28.776260022755793,0.38520846385396035,276.2101981102249
6.471058781982311,0.002009447017492076,0.0015970174542026944,2.1759114102369637e-09,0.0018709634327199445,3.1403140217191723,-0.09329867248914588,1.570829326138984,0.9989119132352701,-0.0006378509713375381,0.04663241967850211,117.07311912274818,1.3767154158088948,2030.1473836858806,0.06592072542349392,28.69559945930027,0.38185042412470205,274.71396329479524
6.536979507405805,0.0011887768162204312,0.0018792308020544961,2.0284350180705357e-09,0.0003699863678209414,3.1404130184068815,-0.09341698095168581,1.570829470525934,0.9989091833333922,-0.0005884005113846009,0.046691510110175256,118.96208572910015,1.401755561002528,2048.207338172147,0.06541250073589566,28.61514025809316,0.37815704974162734,273.2180659784043
6.602392008141701,0.0008666871453916166,0.0015686228019370974,1.9369470436480485e-09,0.00012309803869022882,3.140480897876885,-0.093524812234856,1.5708295943893347,0.9989066838751951,-0.0005544926103767247,0.046745367253089275,120.83134510126969,1.4264457742115202,2066.0310760622147,0.06588950542098537,28.537834352932713,0.3765532239020842,271.7485364248101
6.668281513562686,0.0002978306704209605,0.0018850987242513895,1.8499633561628038e-09,0.0015099069538243631,3.140521168559281,-0.093635767907546,1.5708297150799821,0.9989040999700393,-0.0005343741471738473,0.04680078457463959,122.70912888858723,1.4511874916057783,2083.888071522037,0.06653318129174046,28.460350732923864,0.3746205505454475,270.28231493378644
6.7348146948544265,0.0004283276183723682,0.0020148491680436038,1.7708633171932287e-09,0.001779593671418385,3.14053245476157,-0.09377373148206833,1.5708298628467263,0.9989008721930803,-0.0005287309044432429,0.046869690739209005,124.60012200704605,1.4760718595617155,2101.821951662343,0.06626045715502471,28.3837058336895,0.37375348390407664,268.81589986411245
6.801075152009451,0.0012985963316409577,0.0015479591497451067,1.6929835359921746e-09,0.00046650114020042784,3.140589803102471,-0.09388894466655819,1.5708299835392094,0.9988981852841134,-0.0005000830989086561,0.04692723418050594,126.47840055193578,1.5008951992590907,2119.5858214576488,0.0658073245387083,28.31004756164267,0.37530202739947965,267.36943291911217
6.8668824765481595,0.001077487346650128,0.0023186191671805073,1.6983291661303357e-09,0.00015316398724572243,3.140675494033243,-0.09401190674583787,1.5708301018697977,0.9988953187717424,-0.00045727970332907044,0.04698864766385105,128.33895676780682,1.5255668942276204,2137.133765515047,0.06622086893538626,28.235031862103174,0.37389271650676076,265.94539828391834
6.933103345483546,0.0008265694817149451,0.00290981752251313,1.6717477002398373e-09,0.0001320935673418894,3.1407414557320887,-0.0941825892903762,1.5708302526210447,0.9988913196028856,-0.0004243285909257182,0.04707389465193725,130.2062370766528,1.5502897314870183,2154.697808620382,0.06684753322527293,28.16044231888762,0.37253433630375504,264.52517516575955
6.999950878708819,-0.0005243141507228653,0.004427507428385282,2.4081059122392156e-09,1.1213961851132724e-05,3.140752591294499,-0.09442742635696365,1.5708304564166486,0.9988855517500338,-0.0004187576754862893,0.0471961771685192,132.08611241819864,1.5750424889201349,2172.3330783434926,0.067494554799433,28.08333840933299,0.36793546323755255,263.10350435051134
7.067445433508252,-0.0024858797164135846,0.006380178234887096,4.193566527955017e-09,4.122022292011354e-05,3.1406575455474175,-0.09478699036340649,1.5708307708835838,0.9988770295591981,-0.0004662130984307665,0.047375757934379745,133.9789538448898,1.5996764331556097,2190.0430288083694,0.0682294260886005,28.00503702504637,0.361412960510045,261.68000722887297
7.135674859596852,-0.005164658641561411,0.008839284750880812,7.648463913797893e-09,5.413987060915358e-05,3.140395356969916,-0.09530804530438078,1.5708313198155217,0.9988645832814201,-0.0005971352023606978,0.04763599031920161,135.88698423747084,1.624029655223223,2207.8485410195726,0.06895182545404399,27.92505551133816,0.3524896279697732,260.2525232934265
7.204626685050896,-0.006781950576028447,0.010205517332270474,8.254384262637923e-09,5.698991253739492e-05,3.1399734044273226,-0.09597434778070611,1.5708322560795365,0.998848509669568,-0.0008078307411794734,0.04796875758106189,137.80978294831957,1.6480940176869447,2225.7440356138914,0.0696729651049548,27.8481100284498,0.34630487369350893,258.82187775366833
7.274299650155851,-0.006624182700222409,0.009867845965463414,7.871588175041526e-09,9.197319231455186e-06,3.139496537534372,-0.09668284703290811,1.5708335772794586,0.9988312331119212,-0.0010459334548986923,0.04832259054185089,139.74750206254015,1.6721488199101913,2243.726914102652,0.07039966115923413,27.776049855498304,0.34496816808927877,257.38832268751753
7.344699311315085,-0.005301744839865765,0.008427818204244944,7.033999736758498e-09,0.0004828491526782639,3.139073424295232,-0.09732983610649393,1.5708350798139565,0.9988153051783489,-0.0012571804688787174,0.0486456974598653,141.7004892838536,1.696490075749859,2261.796325087604,0.07116758255041145,27.707182381575876,0.34678085047355217,255.95161002520598
7.415866893865497,-0.003853581965229858,0.0068806262039169605,6.075248247529156e-09,6.835890590911774e-05,3.1387481910601913,-0.09787371778051017,1.5708365481852764,0.9988018219034791,-0.0014195443737554058,0.04891730784991809,143.66990012253768,1.7212436153562551,2279.960442880721,0.07160679388913938,27.638610493107393,0.3487825628450079,254.51074049339803
7.487473687754636,-0.0010977183796888183,0.004218547049367338,1.897075141115083e-09,7.333427047296545e-05,3.1385651227094895,-0.09827569868186291,1.5708377414147792,0.9987918357417347,-0.001510920613291152,0.04911805262821005,145.6466748386263,1.7464105589544343,2298.133598207822,0.07234551900106023,27.573883537942812,0.35462338523585046,253.07315220113054
7.559819206755696,0.0014588008735885254,0.0018367819807269601,-1.1097584815802826e-09,5.6987487109556475e-05,3.138583916852186,-0.09848882704286976,1.5708383949400981,0.9987866100237092,-0.0015015087236365475,0.04922448877659016,147.63917402589988,1.7722764705905623,2316.390127793278,0.07308826565149307,27.508683235570544,0.36000044480662446,251.6326068825622
7.632907472407189,0.0031341014937077555,0.00036582665034628255,-1.8230842502445733e-09,0.00026339904958631063,3.1387588070654284,-0.09856224124175841,1.5708386152943832,0.9987849299509145,-0.0014141609566101694,0.04926115591338625,149.64728416738956,1.7987164109234997,2334.72869723999,0.07385058540769229,27.441215151970944,0.3629763953233243,250.18916619607594
7.7067580578148815,0.0037847051291466523,-7.345112675430615e-05,-1.7503457532396332e-09,6.909883918282407e-05,3.1390143378145856,-0.09857239197944566,1.570838644411014,0.9987848524491042,-0.001286549667968683,0.04926623095190031,151.67124050192658,1.8255274197676712,2353.151824723302,0.07446842010709975,27.371134205149446,0.3631497669415797,248.74265507860903
7.781226477921981,0.003835795158359456,0.00024437888786344635,-1.6412197038788494e-09,0.0004581575061652492,3.13930904004265,-0.09857088563863754,1.5708386386874886,0.998785068286098,-0.0011393777931175927,0.049265484403030406,153.7068750952814,1.8525230347619084,2371.6213643107003,0.07523611591442592,27.29947949179502,0.3612550031093806,247.2961303528371
7.856462593836407,0.002689182646038222,0.0014972410323622262,-1.0783778435903481e-09,9.780666185797773e-05,3.1395583878384437,-0.0986329992946091,1.5708387687396612,0.9987836720661634,-0.0010148499384305314,0.04929650754126653,155.75799610688804,1.8795348530639782,2390.1723595287344,0.07571901327707575,27.22532857585578,0.3565122026378557,245.84653879801783
7.932181607113483,0.00010633580513016603,0.0040065233174120035,3.3491372293203546e-09,0.0005108481559889619,3.139675292538786,-0.0988317248728516,1.5708391528635821,0.9987788265201978,-0.0009564523901629982,0.049395751026104266,157.81656274882297,1.9062226434493672,2408.732744861083,0.07647786418384506,27.14787125103136,0.3475150691407621,244.3990063067137
8.008659471297328,-0.0032803910757052183,0.007173976025711935,1.1532014144023406e-08,8.437480936994345e-05,3.139554261615514,-0.0992593592842113,1.5708399884655917,0.9987681823406351,-0.0010168578627863167,0.04960930474284085,159.88973177253646,1.9323593826162007,2427.3683077002165,0.07692843493094514,27.068421223039316,0.33591537241132696,242.94812169325434
8.085587906228273,-0.005576067366012127,0.009282250659451373,1.4124510536469604e-08,0.00021758323743593184,3.139202031090599,-0.09990311881055491,1.570841410755943,0.9987519678421439,-0.0011926944916028253,0.04993078038407129,161.96910008824165,1.957835380525348,2446.0021543330226,0.07770973949486049,26.992326669437123,0.3272454987218633,241.50003669474575
8.163297645723134,-0.006909116709261445,0.010449507031875655,1.4097105921382387e-08,4.492995407810014e-05,3.1387156045774565,-0.10067124544901213,1.5708434369196498,0.9987323980615034,-0.0014355168613868444,0.05031435150155468,164.06380510509894,1.9830247087685504,2464.712580797818,0.07839546326230895,26.918864062934833,0.32106745882457877,240.0482109791617
8.241693108985443,-0.006034967042401781,0.009601875862263846,1.2922974519472961e-08,0.0003421899247254186,3.1381852460514765,-0.10147830927971746,1.5708459885533927,0.998711597632614,-0.001700251000334937,0.050717355067510766,166.17141747652224,2.008133429788959,2483.474225850005,0.07922259031255052,26.851540943754795,0.32116437657035435,238.5948222288557
8.320915699297993,-0.0030160376960653035,0.006770975429869831,7.354429302938908e-09,2.249329438601173e-05,3.1378243690826975,-0.10212885127127845,1.5708483465159255,0.9986947249848551,-0.0018803575525971029,0.051042194462814855,168.29622040874642,2.03382076156389,2502.3185266298674,0.07982294708383186,26.79009376296729,0.32748067216332943,237.13747779291785
8.400738646381825,0.0007695883299291269,0.0032555389197676966,-3.616903600119938e-09,0.00022766127045708618,3.1377274461932303,-0.10253524352983757,1.5708499215699445,0.9986842405719626,-0.0019286900205010484,0.05124512234756817,170.43230727304373,2.0602861287961813,2521.1893058409073,0.08068304469127874,26.731192937454452,0.33619837043223616,235.68034338719147
8.481421691073104,0.005117463300535599,-0.000727169037075601,-1.9636631493568048e-08,5.1643183086365736e-05,3.1379691062320143,-0.10263312027654595,1.570850310063309,0.9986819572936082,-0.0018080031513464847,0.05129400498924704,172.5867676174544,2.0878552800486,2540.145691666488,0.08138687413829615,26.674256506209087,0.3469613839624715,234.2192154726752
8.5628085652114,0.007241271666697063,-0.002656149115173165,-2.153973740600116e-08,1.4033864786748694e-05,3.138491446485227,-0.10247762235419167,1.5708497953559402,0.99868638044835,-0.001547198655171411,0.051216373399524506,174.7552075721549,2.116332831508893,2559.148467041387,0.08224009898139784,26.611859676348192,0.3514952599061603,232.7565986743124
8.645048664192798,0.007024782446585214,-0.0024176099312783073,-2.054156026128328e-08,2.9156035761023706e-05,3.139091343593667,-0.10225666914974986,1.570849173526848,0.9986924517017369,-0.0012476699622351814,0.051106054683837755,176.94098880218715,2.145192188300054,2578.2300089236433,0.08313319860590163,26.5435488485295,0.3494414431937954,231.29002903411387
8.7281818627987,0.005207074893235961,-0.0006788782055657827,-1.8086855487093806e-08,0.00022990254307566003,3.139608170403387,-0.10212007508411272,1.5708488580488973,0.9986962288271188,-0.000989607720538389,0.05103785464906017,179.14464783705336,2.173993614160104,2597.396665827167,0.0840234254454515,26.471206017828695,0.3428907099291792,229.81904872355184
8.81220528824415,0.0031477815264199967,0.00132411451878216,-1.4893360304448622e-08,2.3259073228784112e-05,3.139950894123761,-0.1021543502393913,1.5708489112056974,0.9986955089340791,-0.0008184667386954609,0.05105497333376145,181.36576293903178,2.202479321148034,2616.644796804283,0.08475451113347354,26.39843997526649,0.33576452296862935,228.34400595975572
8.896959799377624,0.0011386529968797606,0.003301682910648618,-1.1914344470838048e-08,0.00013233868413401012,3.1401338479410503,-0.10234916791516874,1.5708492050617988,0.998690601687892,-0.0007270954531909114,0.05115225619203604,183.60008357761774,2.2306476794518026,2635.9353358807125,0.08566709764213165,26.32614463175948,0.3288447459697589,226.86758175638175
8.982626897019756,-0.001368957071820093,0.005713632236298045,-6.8766140333641426e-09,0.00021340958326577153,3.14013045925689,-0.10272968731436212,1.5708497508556456,0.9986808501763447,-0.0007287614134577225,0.05134226601864861,185.85223044637343,2.2584752442588907,2655.30689525924,0.08649606500643969,26.252606469391576,0.3203340542356724,225.3862094213197
9.069122962026196,-0.00419909763014456,0.008375235496097663,-4.0571010448429486e-10,0.000829406016204002,3.1398903910550473,-0.10333862032955468,1.5708507039845547,0.9986650772390271,-0.0008485910866700979,0.05164632720640553,188.11976013263182,2.2857664512899496,2674.737613545648,0.08726293082963998,26.178268719668875,0.31059225797069284,223.90113113418803
9.156385892855836,-0.00581404800713755,0.009895813546641348,1.7843799123544317e-09,9.31439732002505e-05,3.139432482205146,-0.10415487705987313,1.5708522795857158,0.9986436953202344,-0.0010771649050792715,0.05205390199511958,190.40099536788412,2.31252845419864,2694.210900039763,0.08749905907054867,26.107330360021816,0.30416062650937903,222.41363030154724
9.243884951926384,-0.006190297037709313,0.010250918914123395,1.7511849717197037e-09,0.00014351117671865311,3.138906141593451,-0.105037528847337,1.5708544277265986,0.9986203073562105,-0.0013398785298552249,0.052494616283843554,192.6824211261787,2.339009630879445,2713.6070142368912,0.08838004862019311,26.040269446116017,0.3011394157843352,220.93255062226729
9.332265000546577,-0.00501740551664498,0.00917434849837989,1.0459502354975208e-09,0.00017444681482471882,3.1383914913077122,-0.10591331353799649,1.5708570262799744,0.9985968468945462,-0.0015967301737025812,0.05293188891463976,194.9810279045379,2.365627965119891,2733.0673192084564,0.08922539390725603,25.977459060222824,0.3024974342493332,219.44703252375422
9.421490394453834,-0.0019333147641952021,0.006363757681009399,-4.941013887748877e-09,0.00034738060332696954,3.1380770919582166,-0.10661024784724761,1.570859399498353,0.9985780780115382,-0.0017536029406701435,0.05327985667487466,197.2963003688174,2.3929212910013478,2752.5810630489264,0.09005122238255048,25.920110297439326,0.30957316642956534,217.95808566004118
9.511541616836384,0.001314838278979102,0.0034034170613230566,-1.2112152684178356e-08,0.00014574208824685628,3.1380470796492674,-0.10705171865951474,1.5708609879280058,0.9985662665809999,-0.0017685174229701863,0.0535002773713113,199.6278798981095,2.4211375727948172,2772.1411916086217,0.09072896534914143,25.86359441442936,0.3172738911478264,216.46599749891325
9.602270582185525,0.0050683959181373126,1.523344597943125e-05,-2.3595394300378338e-08,7.984659069940788e-05,3.138341136062943,-0.10720249941470165,1.5708615292627672,0.9985624795879696,-0.0016216764997669486,0.053575568584266715,201.97198999966372,2.4503690549845327,2791.7131526971534,0.09159475367923875,25.80913894527973,0.32686572799782637,214.9738252160395
9.693865335864764,0.007704995535465688,-0.002336049758916852,-2.7096710977288345e-08,0.0001610600001975791,3.1389381812197152,-0.10708513191484875,1.5708612001638962,0.9985660614864509,-0.0013235978730242739,0.05351698275405844,204.33338961150275,2.4806461994326523,2811.335061417304,0.09252916068163763,25.75224939965453,0.33353474475559164,213.47851818177534
9.786394496546402,0.008655693187112685,-0.0031343345374314955,-2.6172059235604064e-08,0.00046646120006757567,3.139705898897183,-0.1068220827632167,1.5708606076330367,0.9985735261425247,-0.0009403160847015247,0.05338565686789905,206.71342620646206,2.511631724943549,2831.0185952211746,0.09339795398275896,25.69136049913671,0.33559448239094675,211.97915804929738
9.87979245052916,0.00809608410328471,-0.002433013759177622,-2.4912264867526916e-08,4.2507214876671216e-05,3.140496859440434,-0.10655636007939744,1.5708602051147036,0.9985809040010161,-0.0005454187552443537,0.05325298747971646,209.109966914835,2.5429095129852866,2850.746777212768,0.09398966625958316,25.627232472631437,0.3336519375261473,210.47742357018953
9.973782116788744,0.00579076005900021,-0.00027572555021198545,-2.0021166722568693e-08,0.0001771265548066192,3.141161997493773,-0.1064178631923951,1.5708600831786692,0.998584715460044,-0.00021332789657211568,0.053183833308651056,211.51549171151643,2.5739757855746497,2870.4590242196527,0.09498360019903984,25.559216083100956,0.32662807857503556,208.97996746220184
10.068765716987784,0.0023030955898767033,0.002936999319189329,-6.734368118317442e-09,0.0001268454201274421,3.1415574822645262,-0.10653442198372064,1.5708600852003929,0.9985816369034821,-1.586340648541156e-05,0.05324202506336043,213.9398515875886,2.604533790282972,2890.237246961271,0.09586017862256568,25.488243870631482,0.31608767025613504,207.47726879938082
10.16462589561035,-0.001781256533601803,0.006671770933316277,1.3247178270393724e-08,0.00045921295006083206,3.141581939528732,-0.10699558517637373,1.5708600638574133,0.998569333846057,-3.6452834561951456e-06,0.05347227781200412,216.37969365110976,2.634234213365504,2910.0539099607927,0.09679304634110508,25.416200851134995,0.3035661496489531,205.97491949722138
10.261418941951455,-0.006328393414544451,0.01079839045834469,4.079552047373458e-08,0.00031914459888240097,3.141193769830755,-0.10783743912153214,1.5708601983357735,0.9985467179464513,-0.00019743093519351593,0.05389260294750865,218.83627595114007,2.6629407426058918,2929.9179758703362,0.09741328364729895,25.343081114963642,0.2892218866273153,204.47067053285588
10.358832225598753,-0.010044677647760335,0.014162206623034707,5.654162427741052e-08,0.00015688054935450996,3.140379882882121,-0.10906786833667652,1.5708611608922431,0.9985132104598263,-0.0006037169072337393,0.054506917566854045,221.30152546808006,2.690466347262825,2949.762774086531,0.0981739405340658,25.272114347803587,0.2768327030502535,202.96602949034218
10.45700616613282,-0.011725921563876392,0.01569512982640847,5.7323274902519625e-08,0.00015324579419830986,3.1392857848489184,-0.11055597485466725,1.5708637756761323,0.9984718984484772,-0.001149809045132344,0.05524984203237192,223.77930577583095,2.717238155631435,2969.614789377652,0.09909983806270795,25.20677821996078,0.27002671108366466,201.4617949491234
10.556106004195527,-0.009267680574466933,0.013539231749380608,4.965522768628675e-08,0.0004171378853447571,3.138210074885987,-0.11203567661196391,1.5708680278625646,0.9984299859129923,-0.0016866283917687617,0.05598852601571528,226.274522499628,2.744157601008488,2989.504933650074,0.10003806994750875,25.15293179366462,0.2753686413936016,199.9565825797854
10.656144074143036,-0.003439195338319047,0.008388393512085517,-6.815276440275226e-10,0.0002541541861815412,3.137561820574693,-0.11314331281532901,1.5708722103125965,0.9983982264635961,-0.0020100457033693196,0.056541447836312105,228.78851410012783,2.772448765796727,3009.432639714588,0.1007211920274127,25.10858430334273,0.2910198134913674,198.447394982359
10.756865266170449,0.0012131720191201597,0.004279608827682666,-2.688464221655552e-08,3.177584182818288e-05,3.1374681628852734,-0.11376463825753949,1.5708748037416913,0.9983805178943768,-0.0020566777248881038,0.05685160922286472,231.31515066215908,2.8024297027831517,3029.3443516462594,0.10157313801380496,25.061442369031237,0.3031915245774768,196.93687783791682
10.858438404184254,0.005094911569470271,0.0008667889193154413,-4.077118574584462e-08,0.0011686883718734344,3.1377877250561417,-0.11402643294221045,1.5708758878688234,0.9983733835458858,-0.0018971051866907675,0.05698230690839386,233.85823348845904,2.8337336604535714,3049.270887504403,0.10265816681228124,25.012714046081904,0.31331042918808605,195.42315613973483
10.961096570996535,0.009033914221778565,-0.0025708102813380004,-5.543105291322209e-08,0.0001797854640438801,3.138512790915598,-0.11393887460895284,1.570875626867987,0.9983764993712654,-0.00153517485159216,0.05693861982995178,236.42352117554026,2.8664479962463654,3069.254584255271,0.10258765258890357,24.96482076306435,0.32415862629103653,193.90378616209344
11.063684223585438,0.011451480370578186,-0.004634127624185884,-5.738172829441461e-08,0.0013321929680447447,3.1395772568260116,-0.11355704380894588,1.5708746748890203,0.9983880272800354,-0.0010038512894075505,0.0567480302724195,238.982031554665,2.9000885492016915,3089.0692890465098,0.10353167908012217,24.914177894707517,0.33097669375543487,192.39594628058654
11.16721590266556,0.012180770957192057,-0.00527374421325217,-5.530931833406801e-08,0.000355844137649035,3.1408249556302072,-0.11302641210327992,1.5708739446174225,0.9984034802624044,-0.0003810441272241665,0.05648314008661989,241.55867845251166,2.9345465137443867,3108.9100341130425,0.10329128580159974,24.85995212375091,0.33357092996735627,190.8844515402325
11.27050718846716,0.010523208051650104,-0.0036736305547780523,-5.0961017724362464e-08,8.022677713205244e-05,-3.141176046432228,-0.11255365367930154,1.570873847140636,0.9984168544048306,0.0002101539552712742,0.05624711667256543,244.12343959484045,2.9688022277942765,3128.5492747073977,0.10405993396019042,24.80035681113055,0.32908828414904484,189.38625441099788
11.37456712242735,0.006646314721557278,-8.844152982844314e-05,-2.445359209481679e-08,6.950532045080317e-05,-3.14025825413709,-0.11233619605913482,1.5708740003847657,0.9984227626169058,0.0006683277354239767,0.05613853057634982,246.7008342858884,3.002547446453191,3148.178678023299,0.10512110930245022,24.735209905515532,0.3180415229288897,187.88635776336506
11.479688231729801,0.000818205472623173,0.005223992129726462,5.0715070485735216e-08,3.0801851915661063e-06,-3.139860075341778,-0.11260106952092779,1.5708735254644115,0.9984151662275637,0.0008670884322286455,0.05627074182714662,249.29733479046428,3.0350968758125925,3167.850255174433,0.10620437674089445,24.66474350985042,0.3008490064680964,186.38015121280512
11.585892608470695,-0.004756290744459785,0.01030075212735394,1.1785252373275744e-07,8.097028599130836e-05,-3.1400805306650152,-0.11343579705279343,1.5708720898575976,0.9983916834429591,0.0007569930297429554,0.056687449089300374,251.91309225744908,3.0661272786905385,3187.564230192491,0.10736935359356004,24.594858792683528,0.28410698147506497,184.86731124633192
11.693261962064255,-0.008219040152207714,0.01349005236290415,1.3420703548151878e-07,0.00011195288087845749,-3.1408009399620083,-0.11473445248039622,1.5708705306451158,0.9983548721536014,0.0003973328669120618,0.05733574631217062,254.5503063990869,3.0959909120966014,3207.3316012125715,0.10846347921041755,24.530583982288306,0.27347972693746614,183.34666879551244
11.801725441274673,-0.009695232296093478,0.01489109252803627,1.309820103325703e-07,1.3116222599444538e-05,3.1414007495540432,-0.11628470977417302,1.5708700316135291,0.9983102043293277,-9.364840002721698e-05,0.05810960495111114,257.2077408918253,3.125350598737827,3227.135094921209,0.10953514949205356,24.471540773242886,0.2685000606324135,181.81895995113513
11.911260590766727,-0.0103298352535972,0.015507016541223698,1.2578451495964213e-07,0.0005500486842484487,3.140297673977501,-0.11795539954419754,1.5708712607258821,0.9982611110057099,-0.0006441555484832207,0.05894352650369935,259.88509340487906,3.154586707487914,3246.966533653004,0.11072566926243432,24.414536339843423,0.2655823350396792,180.28418349140804
12.021986260029161,-0.009752264245106218,0.015020477441567637,1.202438598713763e-07,3.99437191155144e-05,3.1391683083905138,-0.11966085388730352,1.5708744481547157,0.9982099625664947,-0.0012076677331302158,0.05979474098959101,262.5853694734192,3.183961647997642,3266.843099105139,0.11133460653741878,24.36053137991828,0.2658900136938758,178.7408050421726
12.13332086656658,-0.0058970014154718035,0.011639615592743683,9.69587209610639e-08,0.000345883978896376,3.138278066268003,-0.12116132189741255,1.5708788258728954,0.9981641853982234,-0.0016517552919986618,0.0605435974508995,265.2949879608882,3.2140758203563804,3286.6571467770386,0.11251481602681679,24.31571949234814,0.27610579741798424,177.19750803455977
12.245835682593396,-0.0025211181261714645,0.008675624880752332,7.93954310395489e-08,0.0002826291514671606,3.137828872262066,-0.12228236607452354,1.5708828599467424,0.9981296966594015,-0.0018757294484427203,0.06110306972556138,268.02833732875615,3.24570762399897,3306.5071398758037,0.11336330828059005,24.26964537911161,0.2847815915858864,175.64613930835665
12.359198990873987,5.758438660090305e-05,0.006427423880048913,7.073616906808222e-08,0.00018406284783068993,3.137681404702698,-0.12314464245431721,1.5708862215554318,0.9981031192126825,-0.0019491515739838918,0.061533393614528545,270.77687659576213,3.2783201283857717,3326.330771539709,0.11428990691540797,24.22165437654729,0.2910138530024448,174.09164667118404
12.473488897789395,0.0030600847954072156,0.0038455152539385697,5.916860202080128e-08,0.00024029553159082877,3.1378630670372827,-0.1237279715706985,1.5708885028592094,0.9980853027023893,-0.0018583755430391564,0.06182451106721793,273.5425162838823,3.3120333122237535,3346.1385643473513,0.11533673063402539,24.175231868934162,0.2987884105911418,172.5335201302647
12.58882562842342,0.006059989558656753,0.0013137529474265023,4.8092724046320166e-08,0.00017680982917348253,3.1383841073595726,-0.12402917226942155,1.5708895926332846,0.9980764309136109,-0.0015982984869666018,0.061974839251595346,276.32813502364337,3.346943947306163,3365.947784180684,0.1163282856610035,24.129277577637733,0.3069156321889684,170.97042787912397
12.705153914084423,0.007772768300852306,-4.645505134892613e-05,4.368911068210599e-08,0.00022026114751690074,3.139215883249195,-0.12407871012191392,1.5708897502405912,0.9980754739597085,-0.0011832025418790867,0.0619995772545156,279.13227387230677,3.382993292141752,3385.745239090595,0.11740221696011766,24.080396610261726,0.3114867637974182,169.40325542119976
12.822556131044541,0.008019340010257482,-8.688793736410762e-05,4.195513379441471e-08,0.0002296924776598325,3.1401587087270193,-0.1240567819873801,1.570889705473067,0.998076600542225,-0.0007126993210495694,0.06198864012952666,281.95632800946225,3.419633581240037,3405.5411746359846,0.11843504987639086,24.028091451492564,0.31193301631596215,167.83104056696448
12.940991180920932,0.0053933706606523486,0.0023993864054403756,5.1999122956938e-08,0.0006607188198339468,3.1409744868878438,-0.12417484993552413,1.5708897748057504,0.9980731470439189,-0.00030558869275403375,0.062047554436582705,284.7986129820915,3.456157549610712,3425.3247772560817,0.11946579902455312,23.9684105968826,0.30373052099423314,166.25403272899032
13.060456979945485,0.002175158936726526,0.005409290107847563,6.910777891700119e-08,7.065189843685245e-05,3.141424458536667,-0.1246431433568523,1.570889896640824,0.9980586349474603,-8.10204398819674e-05,0.06228124054534948,287.658363429044,3.4918394212233146,3445.0918843915747,0.11999058979640331,23.9074471423935,0.29373510125716346,164.67243175409314
13.180447569741888,-0.001436002275814227,0.008748786089042254,9.44589287490315e-08,4.20167654443931e-05,3.1414682918931343,-0.12549321628164883,1.5708899467849449,0.9980320745352481,-5.9123239674938705e-05,0.06270544529673787,290.5233277993581,3.5264043003558134,3464.7561589999473,0.12122571065452625,23.84582400030674,0.282382653870469,163.09260619466176
13.301673280396415,-0.00473170079576989,0.01178802540038232,1.1356613405691716e-07,0.0003877753901871435,3.1410942395600703,-0.12673851511711298,1.5708902649752619,0.9979928090567983,-0.0002457324091166303,0.06332686412344855,293.41036749363457,3.5599945862134668,3484.4308637964878,0.12250825834922274,23.785074981034672,0.271744936447331,161.50499894063876
13.424181538745637,-0.007377178473056467,0.014226892163401117,1.229920934832168e-07,0.0006018452226229377,3.140335725705654,-0.1283468500502003,1.5708916244109696,0.9979413960324178,-0.0006241145768087759,0.06412940443614656,296.3205666387572,3.592686246567034,3504.118703267987,0.12338079231423826,23.72599270595529,0.26274234502670374,159.9088167852316
13.547562331059876,-0.008825426101467866,0.015589462423810908,1.2193997633558885e-07,5.4731015628968085e-05,3.1393138472763438,-0.13020557913927613,1.5708948956360063,0.9978809164781283,-0.0011337828689857075,0.06505682472175611,299.24439242190584,3.6246874941388283,3523.749622691982,0.1239954196255173,23.67019403988478,0.2570337848216905,158.30931152106712
13.671557750685393,-0.007678919335678171,0.014675775410474844,1.1619502139716746e-07,3.449621538238823e-05,3.138260281173463,-0.13210782813627975,1.570900290120936,0.9978178526112218,-0.0016591207820488897,0.06600588573611701,302.1762912537573,3.656592688962829,3543.2800121027817,0.12529150528890476,23.621625889124502,0.25902855837507666,156.70996033472693
13.796849255974298,-0.004318081822391424,0.011831327888963416,9.767657771483026e-08,0.00010615627272844851,3.137498821451744,-0.1337763189390425,1.5709066008439503,0.9977617367542873,-0.0020386521120163642,0.0668382665515225,305.1331882890099,3.6895680372251536,3562.8136271015474,0.12662649101956092,23.579164389483736,0.267801226304282,155.10207404174398
13.923475746993859,-0.0001968381880550693,0.008330120060885326,6.520978055124685e-08,6.085742362623289e-05,3.137211774722924,-0.13505310773713658,1.5709121422231327,0.9977185618090593,-0.002181538229833011,0.06747521180525332,308.1163834970803,3.7241874844533567,3582.3512118774947,0.12788496045762443,23.539025845109656,0.27904957495106775,153.48538611323136
14.051360707451483,0.003373720536372405,0.005320669849276099,4.322548001265364e-08,2.2352933008262252e-05,3.1374288288345307,-0.1359132792837108,1.5709159251602194,0.9976896805414691,-0.002073044862707218,0.0679043234969042,311.1240629044916,3.76053944395177,3601.8757390653423,0.12921386753051678,23.497777713807345,0.2887988461296965,151.86121991232952
14.180574574982,0.005906078952933973,0.0032385113381047112,3.501769097764033e-08,0.0001389502928180222,3.138040313305177,-0.13645530600847539,1.570918089357893,0.9976718282269673,-0.0017678862049934434,0.06817473211143464,314.157505255924,3.798330762467706,3621.3927687796954,0.13060633698410662,23.454146874901618,0.2956123004902399,150.2290510262446
14.311180911966106,0.006897008862498502,0.002525640847260172,3.326328099335143e-08,0.0004162065027380184,3.1388944018943357,-0.13681561854548785,1.5709192429686543,0.997660193969887,-0.0013417690329058406,0.06835448828529067,317.21771125983867,3.8371459285537726,3640.906391367902,0.1318615288032543,23.40678899210067,0.2979644073480423,148.58831149066148
14.44304244076936,0.0058823592234279656,0.0035809035449671112,3.379710275465205e-08,0.00023230727057429977,3.1397567585911346,-0.13720065983446558,1.5709200891248298,0.9976475016538611,-0.0009115465452303383,0.06854656464986071,320.30076071962367,3.8762584662925184,3660.3907513854074,0.1327631893626009,23.354461137451345,0.29436798503182265,146.94075980711492
14.575805630131962,0.003942646284612299,0.005471366992174687,4.019492724775575e-08,0.00017923597296846535,3.1404225957851595,-0.13778940016487004,1.570920923569923,0.9976275285626012,-0.0005793523696192396,0.06884023624525051,323.39779462255353,3.9149624954883744,3679.7894563777622,0.13391516590405317,23.300109071991027,0.2880517705452982,145.29086552506394
14.709720796036015,0.002780923976829744,0.00673005265761456,4.277330509251141e-08,4.2116732294232795e-05,3.1408406216634424,-0.13863348776562756,1.570921702448584,0.9975984854282538,-0.00037077113559878116,0.06926126672398707,326.5144621538562,3.9531815293712294,3699.1351723836087,0.13514820857843723,23.248224250930537,0.2842620481087146,143.6356031386323
14.844869004614452,0.003237485435840389,0.0066259140080715834,4.116464214945579e-08,0.0003452208753716995,3.1412439462132675,-0.13953872837250925,1.5709222107271037,0.9975670886737313,-0.00016954164380952806,0.06971278424241387,329.65321764726315,3.991682530783259,3718.4348919215654,0.13657791886359227,23.201144131196724,0.28567798758820095,141.9740678306707
14.981446923478044,0.0029298636415185913,0.007174091078509434,3.9963102804688207e-08,0.00014047561021839137,-3.1415060852690506,-0.14046920622777057,1.570922316053539,0.9975345608866664,4.759821210095096e-05,0.07017687105659752,332.81868052536583,4.030686790325749,3737.7112406867927,0.1376087804840278,23.152392807762514,0.2848597330661679,140.3035547955493
15.119055703962072,0.000985012407733042,0.009098760656730473,4.8054780824525864e-08,0.0005808044191889283,-3.141227016793485,-0.1415809236967454,1.5709219916833121,0.9974953820058756,0.00018680473369877716,0.07073133863194304,336.00104257361056,4.069509480709115,3756.9029140349016,0.13892917029525265,23.099664313338913,0.2789374804923469,138.6287721865038
15.257984874257325,-0.0008602822182664069,0.010913168686559786,5.470985195743595e-08,0.0002657347772930723,-3.1412243757401854,-0.14297658713336062,1.5709214061696728,0.9974457803221657,0.0001881356440839476,0.07142740522603816,339.2066118753249,4.107849313066744,3776.0455269441277,0.1396504844078823,23.04751133275194,0.273256087948357,136.94631709348644
15.397635358665207,-0.0017226010943505797,0.011864609546366717,5.4331013173043087e-08,0.0003243914650136387,-3.141414688181401,-0.14457589824493125,1.5709209296886044,0.9973883574874688,9.325003594301665e-05,0.0722250022613391,342.42175103082184,4.145791462542457,3795.0525435114773,0.14081553983263895,22.998510757977193,0.2705654392541896,135.26343188817214
15.538450898497846,-0.00285392639903591,0.013015965246042928,5.515362377512977e-08,3.672385899917598e-05,3.141451172622939,-0.14632565866062108,1.5709208508708894,0.9973247897352882,-6.600003382674748e-05,0.07309757987141842,345.6568175763953,4.183643450186081,3813.9807293622075,0.14190771717816908,22.949066386899784,0.2668941117272342,133.57448815725925
15.680358615676015,-0.0040668476004758715,0.014215547430588013,5.649696454928388e-08,0.0004708518098638812,3.1409549747715126,-0.14826228823587426,1.5709215636984255,0.9972534936606245,-0.0003133259981912599,0.07406328172960751,348.9099393925858,4.221211788730227,3832.8156791576675,0.1434165880771623,22.899631185845628,0.2627700569949885,131.88031359166817
15.823775203753177,-0.0037424053407723898,0.014112785947759844,5.4616352434672954e-08,3.8608061946126296e-05,3.14036882201685,-0.15031545781393732,1.5709235034680828,0.9971768013409177,-0.0006054136450017183,0.07508701643357828,352.19080724784527,4.258854887523306,3851.607203869922,0.14431889094540473,22.854410969664457,0.26328680298968266,130.17613473703094
15.968094094698582,-0.0023470743849339556,0.013115695880227617,5.223908816085915e-08,0.001027968726087617,3.1399408655175156,-0.15227012328208564,1.5709263973012706,0.9971027878367775,-0.0008185547506140259,0.07606155699256638,355.48612329624103,4.297164760149899,3870.2708140499813,0.14585068001898804,22.81239960067117,0.2670930694881499,128.4691860411923
16.11394477471757,-0.0019526958288595426,0.012977860031040638,5.0339955789584163e-08,0.0004513793665996671,3.1396260691098683,-0.1541733057344573,1.5709298895425434,0.997029815835505,-0.0009752291387965688,0.0770103576124339,358.8100681703958,4.336162654784596,3888.882802617702,0.14595573812181684,22.76783408022797,0.26769216135802304,126.75190062416021
16.259900512839387,-0.00187086483396917,0.013128863022005308,4.867156593727306e-08,5.8749176085216045e-05,3.139362195470128,-0.15606494710942462,1.5709339034355836,0.996956394731868,-0.0011064729233614139,0.07795333465563171,362.1299270651573,4.3752528279747,3907.2580320125985,0.1469024371549068,22.722992436148434,0.26726360625566903,125.04117283799656
16.406802949994294,-0.0015036376119265172,0.013077774945681075,4.700958533695171e-08,0.0008932050126628773,3.1390996502337685,-0.15800104149531685,1.5709385433617584,0.9968803115007021,-0.0012370018703500684,0.07891839844540972,365.4647280693646,4.41450117105151,3925.500891037878,0.14843205999213183,22.679185764568167,0.26767402754192116,123.32713654597654
16.555235009986426,-0.0009512132397102213,0.012912125039404298,4.545067562987156e-08,0.0003280256263775579,3.1389249094894796,-0.1599225849237566,1.5709435850509454,0.9968039172350402,-0.0013237284596720456,0.0798761367923931,368.82785645682293,4.454331021817877,3943.6785419839944,0.14873901005179846,22.636011278659417,0.26865141122388814,121.60304896706216
16.703974020038224,-0.0011402665844990544,0.013397613910638768,4.488312265424509e-08,0.00023426099511127468,3.138787739246849,-0.1618628774811284,1.5709489535108638,0.9967258637959016,-0.0013916968362198343,0.08084314583058567,372.1914387893693,4.494249370983358,3961.637649001053,0.14988723709297602,22.59137547723191,0.2672865937257218,119.88302134931611
16.8538612571312,-0.001802297316325173,0.014306383858802407,4.596882772379833e-08,4.640626410016116e-05,3.138548181030983,-0.16395372556901494,1.570955112399934,0.9966406303225008,-0.0015106226035828654,0.08188510204816693,375.57411967045397,4.534036870034312,3979.4771536155877,0.15118486936784237,22.545706927103115,0.2643612749701088,118.15726472532518
17.005046126499042,-0.0013381330983577625,0.014308669104171647,4.4476824589427827e-08,0.0004619702210087297,3.138299189827923,-0.16612519161288583,1.5709621081564964,0.9965509422482063,-0.0016341764809639212,0.08296713839411624,378.97944562355053,4.5740152046330405,3997.2096433993866,0.15277774368112773,22.503268613459756,0.2649388904290732,116.42421522082424
17.15782387018017,-0.001234581710756667,0.014625681967260861,4.3348855190915115e-08,0.0003185034733593358,3.1381192505241593,-0.16832063580846918,1.570969639834113,0.9964591164793074,-0.001723269369959957,0.08406102528004346,382.4141842748436,4.614504768980766,4014.86337173593,0.15375251118148725,22.460085804287854,0.2643676770255279,114.68041874779158
17.311576381361657,-0.0011304627842709347,0.01495111370208625,4.191022693796032e-08,0.0007968181504418653,3.1379430575643927,-0.17058859178621746,1.570977839296995,0.9963629974290487,-0.0018104316150251573,0.08519093533160961,385.8642003038919,4.655128821486293,4032.3613438942834,0.15495408171599223,22.417314136054365,0.26377820382744205,112.93299348084584
17.46653046307765,-0.0011606281325424203,0.015391145036245694,4.15243713618952e-08,0.00018940904595927008,3.1377398890809185,-0.17295914747305197,1.5709868550606367,0.9962611343391854,-0.0019109539920545448,0.08637184350855198,389.33446777344625,4.695845356664831,4049.724806333536,0.1554238743669032,22.37453832481892,0.26273132027154966,111.17933047838623
17.621954337444553,0.0001297964920939996,0.014753055893992256,4.1687972976096827e-08,0.0005569570699337873,3.137653981143222,-0.17530508667597225,1.5709962071918728,0.9961590552504547,-0.0019530258310783137,0.08754037369676416,392.8089782146446,4.736911364165951,4066.868519644865,0.15683915010730942,22.335859066566538,0.2658913957750094,109.42781353828444
17.778793487551862,0.0010608362255066976,0.014412868002338926,4.1458580239246586e-08,0.0005918407289987733,3.1377799110587503,-0.17756446577510632,1.5710051533045022,0.9960596478999868,-0.0018896039064923988,0.08866568103741373,396.3091212715926,4.778887021747592,4083.8929644001237,0.15769085402354222,22.29667266016525,0.26801555415002065,107.6677110794191
17.936484341575404,0.0008054304068681292,0.015042765828033992,4.0924332467767364e-08,4.73386399187569e-05,3.137933248347449,-0.1798805352135942,1.5710139174235729,0.9959564447418257,-0.0018125342420672462,0.08981910577564117,399.8218219330098,4.821050650541914,4100.732126059367,0.15849217471778232,22.254931184322626,0.2664441909903712,105.90531976123411
18.094976516293187,0.000715980319881956,0.015550019894956595,3.9762849331190576e-08,0.00022748938691660557,3.1380537374508877,-0.18230348422496676,1.5710227691814922,0.9958470084159484,-0.0017518053242566386,0.09102562646192801,403.3458178934984,4.863204508575888,4117.377398759488,0.16016056059979178,22.214162292985627,0.26543924474111963,104.14123175551256
18.25513707689298,0.0004951152429083958,0.01618397069361984,3.910968654791984e-08,0.0012919173466728199,3.1381489012716104,-0.18484461989731463,1.5710317684377022,0.995730633309893,-0.001703661969202799,0.09229085374890024,406.90037202395956,4.90560521728726,4133.914441332671,0.16155797848899667,22.173344476372197,0.26405078709787394,102.3657616326386
18.416695055381975,0.0006790054683236996,0.01652038759296158,3.762316795039116e-08,0.00027380870039878173,3.1382422270080936,-0.18748593097347513,1.5710409094880942,0.9956079596764423,-0.0016564100602047304,0.09360579953055144,410.4794602368888,4.948258720785959,4150.308259082872,0.16124792070334237,22.133934884468268,0.2639786565316265,100.58197903694514
18.577942976085318,0.0001735025626848931,0.017435637685565566,3.960626835989409e-08,2.0571688137634365e-05,3.1383131050267408,-0.19022009164401027,1.5710500861349357,0.9954791214844683,-0.001620313162303002,0.09496679634671076,414.0452509080716,4.99065770500032,4166.383822254169,0.16258013699498264,22.0934775647802,0.26175626392110063,98.80856635651246
18.7405231130803,8.435793315389405e-05,0.01805626008223501,3.8915242723711474e-08,5.538159749570028e-05,3.138322830050115,-0.1931122142672795,1.5710597198284897,0.995340761505936,-0.0016145994056260588,0.09640622827165446,417.6340031716021,5.0331113304213755,4182.3032488492145,0.16433507302317096,22.05441486923801,0.260862470904363,97.02740476868064
18.90485818610347,-0.0007063841360825613,0.019273612177908336,4.942923439625355e-08,0.0008821449735396339,3.1382956944571005,-0.19615850526494322,1.571069838782582,0.9951927450703788,-0.0016271649410857204,0.09792217242401538,421.25503372076685,5.075806250506215,4198.100788379581,0.16605174743773787,22.013731534938234,0.2577327893874562,95.23381530168975
19.07090993354121,-0.0022671926143468637,0.02113951810227435,8.062499368261523e-08,0.00013063628059768574,3.1380478148908084,-0.1995123766536771,1.571081396956563,0.9950269283829376,-0.001749411620070053,0.09959091398505666,424.9069162397726,5.118137673301539,4213.764524818423,0.16641349951605733,21.97118922910006,0.2520597908916915,93.42819835438515
19.237323433057266,-0.0038676469552229344,0.023069303183228272,1.181675799784281e-07,0.00022553025368580597,3.1375270447410704,-0.2031962735172383,1.571095543078912,0.994841311472485,-0.002007146801216869,0.10142353307706045,428.55967839582576,5.159568334951279,4229.1621268133395,0.16802665160455277,21.928954925348158,0.24613176797775005,91.62519644764248
19.40535008466182,-0.004570791789230237,0.024333575819323425,1.2585233814216568e-07,0.00021982090709677982,3.13681743521084,-0.20717596685381348,1.5711134392233936,0.994636752337961,-0.002358413155636084,0.1034029053412156,432.2409863003863,5.200669701306869,4244.405111011921,0.16949599383858072,21.889177208463146,0.2429587248980646,89.81117468101738
19.5748460785004,-0.004697563596285809,0.02518598202661491,1.241390738075151e-07,7.902396719079656e-05,3.136018699516835,-0.21137888547478492,1.5711356584013974,0.9944162414783005,-0.0027535238168410734,0.10549284854379687,435.9478531098751,5.241700829136954,4259.47311610573,0.17098786213965766,21.85104393439387,0.2415048193548752,87.98764849508872
19.745833940640058,-0.00384179621960743,0.025316207450348453,1.2229876485314145e-07,0.0008688048865540098,3.135262102071369,-0.21571211540979715,1.5711621380064988,0.9941842370855584,-0.0031271884250568564,0.1076471001795267,439.6810252052938,5.283065034866413,4274.361114164333,0.17273360723111608,21.81559548610992,0.24309472199299378,86.1543930812133
19.918567547871174,-0.001703864029721725,0.024503434127551602,1.39338589869903e-07,0.00028102058535702147,3.134776572411586,-0.2200144023828527,1.5711913390907875,0.9939495896464976,-0.0033657502309775117,0.1097854878359141,443.4465382702289,5.325547680445885,4289.083380715478,0.17313295889031366,21.783598533772068,0.2488111258048133,84.30876209459619
20.091700506761487,0.0011787068436481104,0.023167349210669527,1.7656211565901787e-07,0.0005809923229122562,3.1347189272032407,-0.2241446722430253,1.571220654972517,0.993720656498857,-0.0033915672751649376,0.11183793633268498,447.2154175208438,5.369320015279391,4303.520323752795,0.17455088218358483,21.754089235340608,0.25708449166587993,82.46519746381375
20.266251388945072,0.0027513487436403657,0.02288395218829932,1.8472078646690613e-07,0.00011863096025387726,3.135069831224994,-0.22815226642857916,1.5712483501255836,0.9934951457087173,-0.003214480876132235,0.11382899913835388,451.00981405402956,5.4146009402316855,4317.752949848332,0.17545681466254237,21.721739736622553,0.26124509102043236,80.61297439173454
20.441708203607615,0.004319514575192346,0.022666483825236575,1.9477765972075755e-07,0.00013200437497566336,3.1356734492711373,-0.2321554895460785,1.571274085512093,0.9932662431586866,-0.0029120150304528043,0.11581743927098143,454.8182131632967,5.460778627154345,4331.734177948599,0.17717869351976745,21.689931206723745,0.26555644141423956,78.75753509119777
20.618886897127382,0.006027091565559842,0.022422366614627973,2.1012105408075518e-07,7.719803249698467e-05,3.136594302563297,-0.23614161415125656,1.5712966267630082,0.9930346775224849,-0.002452306190908036,0.11779691556823642,458.65846818330914,5.508297375140734,4345.522823125614,0.1788937755215123,21.658880483104507,0.270526412545217,76.89029710771011
20.797780672648894,0.006931035577009203,0.02286613233928732,2.0586154261268254e-07,0.0005315632852050778,3.137770682663812,-0.2401751802502262,1.5713149891322162,0.9927963596418803,-0.0018661540060745056,0.11979943629737468,462.5302331059536,5.556991765266642,4359.109863388002,0.18072350457728703,21.626282822270458,0.27312671957625484,75.01141736199389
20.97850417722618,0.006510116352814299,0.024386538635380185,2.2132893972398744e-07,0.00025232815241001973,3.1390032995425923,-0.24442794105728913,1.5713288816368716,0.9925403385618843,-0.001252557992438764,0.1219101968369408,466.4354460169894,5.606286050361061,4372.4951564616495,0.18175080332957094,21.5907843193142,0.2716571264883796,73.11970906345543
21.160254980555752,0.005027177253875439,0.02678123782230222,3.5081739795121927e-07,0.0002305656239962084,3.140064291188196,-0.2490656459328312,1.571338387393138,0.9922555036802226,-0.0007245981450929159,0.1242113525159703,470.35618840008397,5.655269888356696,4385.61230969203,0.1832914537221626,21.553052420713257,0.2668384221783402,71.22348871230649
21.343546434277915,0.0030510534638985977,0.029636242653830615,6.016679105357679e-07,5.511963765681311e-05,3.140809464882706,-0.25423017642319334,1.5713440795238276,0.9919316503613057,-0.0003537147121026809,0.12677313044636634,474.3031367885824,5.703611372632947,4398.49217821621,0.18488505262909882,21.514312667157665,0.2604163546861205,69.31726584557936
21.528431486907014,0.0008026472527751663,0.03279100926519609,9.803367065349169e-07,0.00020890948236927624,3.1411743095577567,-0.25999302946752484,1.5713470694242517,0.9915622936983418,-0.00017171051403972305,0.12963073612491283,478.27719849881674,5.751109386535216,4411.130612874342,0.186816880236929,21.475038332317503,0.25304445998771863,67.40037375965332
21.715248367143943,-0.0014117768830730717,0.03602988831875895,1.4117302809624218e-06,8.082821553450585e-06,3.141101494539767,-0.2664309698612994,1.5713494187195447,0.9911398729889359,-0.0002066723256515608,0.13282187751527666,482.285396141878,5.797645302678075,4423.541664630099,0.1884815877420536,21.435887246111946,0.24568982572100484,65.46919737851196
21.903729954885996,-0.0031827976749454114,0.03906185163511521,1.7563118170364536e-06,0.0005659971354709632,3.140664001696488,-0.273508558881238,1.5713539610701295,0.990663569912832,-0.0004219801292901107,0.13632852910641338,486.3220748857331,5.843380679151699,4435.698226037459,0.1905396505768202,21.39792515353335,0.2397115721796759,63.52640323025941
22.094269605462816,-0.004022378231538298,0.041559747956884045,1.8840498176965703e-06,0.0002601983186662094,3.1399495329055878,-0.2812054178540221,1.5713637468493056,0.9901313711505185,-0.0007736937429353374,0.14014007913380602,490.395761865809,5.888687143702244,4447.6158486024015,0.19155713776896377,21.362257182903505,0.23671369050926386,61.567849235868174
22.28582674323178,-0.004879261168398363,0.044178632217563844,2.03896450028975e-06,0.0002535025898510247,3.1390864818832327,-0.2894195738226248,1.5713809479606453,0.989547031435213,-0.0011978352803186337,0.14420549914800504,494.4844313680851,5.933712589166975,4459.22145017545,0.1931658378326624,21.326714339804504,0.23356457631516503,59.60420159822378
22.478992581064443,-0.005223685811212145,0.046569392514052135,2.0821983251190953e-06,0.0007173870810136804,3.1380875879799346,-0.29819285158438547,1.5714080586028567,0.9889042174406056,-0.0016876540455725987,0.14854493857410947,498.6006739177337,5.978630264132458,4470.544120688386,0.19480098164720872,21.292463537318707,0.23201242343769696,57.629294407605535
22.67379356271165,-0.0054317142017051515,0.04899838653665407,2.100230653133461e-06,0.00020902988838814935,3.137038273945931,-0.30749913752316893,1.571446932473757,0.988201298954668,-0.002200507348270703,0.15314486530026059,502.74516203795173,6.0237133612670615,4481.576799370643,0.19554631536930245,21.25858309452112,0.23083450014194656,55.642843799576056
22.869339878080954,-0.005191742566735166,0.051263542270297134,2.010348588231282e-06,8.757358299311393e-05,3.1359688908045533,-0.3173094095495134,1.5714991194985317,0.9874369114406907,-0.002721045484830786,0.15799029202811077,506.8989682140647,6.068828149651655,4492.263000224427,0.19728857459359972,21.225930961146076,0.2310745051420256,53.65383446765479
23.066628452674554,-0.004122860113026211,0.053152294505765904,1.7622720946415282e-06,0.0005239217560913199,3.135024824085201,-0.3276093660645698,1.5715653433096104,0.9866087973214028,-0.0031772475288197695,0.16307348576885944,511.08355452933534,6.1146940160837895,4502.650742625107,0.19928597624052102,21.195179759167015,0.23402854431521483,51.65204948511111
23.265914428915075,-0.00257721237652952,0.054930143052715374,1.4466982257828876e-06,0.00028954878278176864,3.1343334097707163,-0.3383743926915069,1.5716443604567871,0.9857156308735139,-0.0035063938281907655,0.1683815991377362,515.3044920188138,6.161793805163264,4512.743199317461,0.20043401939280514,21.16542191367462,0.2385953671005319,49.63495221743998
23.46634844830788,-0.0015266330224482946,0.05722565793302269,1.0964964836125336e-06,0.00020895527406016224,3.133918896110135,-0.3495938390448333,1.5717334882735121,0.9847548324735287,-0.0036969128132872393,0.17390862655843342,519.5437298883928,6.210004643819273,4522.488838194378,0.20205843934269296,21.13459332088884,0.2415830083882218,47.6112564946727
23.668406887650573,-0.0006735138863938432,0.05988119267559372,6.056126275212429e-07,0.0003341297875744822,3.1336614466382584,-0.3614213951912955,1.571832106892728,0.983708710686377,-0.0038079386759249084,0.1797293264906319,523.8109792251116,6.259056684277295,4531.903402432002,0.20385887040977124,21.103217156935358,0.24397684775438885,45.5761043741464
23.872265758060344,0.00025733734324050737,0.06275744942687998,-9.553038581338877e-08,0.0002462524558992865,3.1335804104917595,-0.37391718203013796,1.5719391850943454,0.9825664699417914,-0.0038300886127325346,0.1858720770365935,528.1098534988193,6.309070706963358,4540.985620112024,0.2054201647736278,21.071791419126402,0.24671208991903895,43.52769608952896
24.07768592283397,0.001282631634130389,0.06587358087363623,-1.12068055174191e-06,0.0004796924433445257,3.1336995661077793,-0.38712165378112545,1.5720528662765603,0.9813181581594638,-0.0037519837360805346,0.19235533460129298,532.435197999884,6.360084196246533,4549.715496877543,0.2071739343854695,21.0402955006012,0.24986983321135206,41.46843489897493
24.28485985721944,0.0022335864820458165,0.0693638850760773,-2.405524829120811e-06,0.0006534654150691478,3.1340351657127696,-0.40111508537334173,1.57217077228899,0.9799489484740691,-0.0035660872269244197,0.19921680429013322,536.7909151872102,6.412219382958222,4558.091957013572,0.20845904995588427,21.00820673241143,0.25288728999175725,39.396424725945074
24.493318907175325,0.0023909495378190725,0.07365052341574192,-2.5151386040119865e-06,2.2110344557351902e-05,3.1345002822521084,-0.41599817487323437,1.5722901789816233,0.9784401884817536,-0.003315502035612978,0.20650376511791416,541.166759870353,6.465077201481496,4566.087619017832,0.20938989170935685,20.97383368265765,0.25320771912573464,37.31648747366774
24.702708798884682,0.002250275611123824,0.07846524274833451,-1.9791958468329087e-06,0.0003368193352628629,3.1349408574080186,-0.43191515222369237,1.5724105666764683,0.976766504660227,-0.0030756849247357133,0.21428422668902347,545.5547543948503,6.518038898756735,4573.683000538791,0.21164688369163187,20.938172006635288,0.25251979311312517,35.232040205363305
24.914355682576314,0.0018839763167067063,0.08381953048951322,-8.386627281566689e-08,0.00015884881511366925,3.1353252467930743,-0.44908218341157063,1.5725331204306416,0.9748918413277426,-0.002861674586407548,0.22266047331260466,549.9823239439169,6.571321059572843,4580.91721301589,0.2132621317854877,20.90093503792689,0.25101622083959474,33.12989387792875
25.127617814361802,0.0012975750738191438,0.08971796254346141,4.293002830149067e-06,0.00010939043953118912,3.135608813396577,-0.4675794082135823,1.572658522481575,0.9727913075573498,-0.0026948181002795415,0.23166735782316947,554.435567095161,6.624600762356384,4587.757126854309,0.21526925086569904,20.861996670874195,0.24865386564914657,31.016493623831586
25.3428870652275,0.0005877409181034208,0.09614424565082602,1.1857495310268266e-05,0.0002947258729390639,3.135754918115487,-0.4875751773706964,1.572789169509796,0.970426776268535,-0.002592038339198642,0.24138161567354247,558.922157506725,6.677828380043716,4594.204839962356,0.2174017286455232,20.821239778494512,0.24574288944592887,28.888023416686327
25.560288793873024,0.0002684534911316575,0.10287818180891824,1.6121564260303904e-05,0.00021443191839864872,3.1357704645265785,-0.5092058375520501,1.5729288757668043,0.9677595123150492,-0.0025486931794681156,0.25186294142079885,563.4442070739113,6.7310587948682254,4600.25191699611,0.2191524085180916,20.77959825078309,0.24435778759213023,26.743199186212923
25.779441202391116,4.622350567733461e-05,0.11008376465386507,2.0756851210447962e-05,5.132009843438828e-05,3.135735328032745,-0.5325294095153237,1.5730812330630344,0.9647566046398437,-0.002524840358756555,0.26313154323403326,567.9933873056198,6.784525741753135,4605.876290268251,0.22109315229798554,20.736062312798698,0.24333912057742055,24.586097248650724
26.0005343546891,-0.0004520501040673851,0.11796975183416279,3.578846360989134e-05,0.0005143146717158541,3.1356087732391433,-0.5577282164672841,1.5732482872529807,0.9613647126100715,-0.0025388848679953747,0.27526590300404424,572.5728681059788,6.8380969468176644,4611.072032841105,0.2234117117498755,20.689221883628417,0.24105348838582139,22.415316852162537
26.223946066438977,-0.0008268779908385498,0.1263928212391242,5.02594216979193e-05,2.1128994611158802e-05,3.1353443955902476,-0.5850243832847302,1.5734341124375986,0.9575181682545167,-0.0026111041598219126,0.28836089984021684,577.1895264128755,6.891651660072858,4615.835375462223,0.224720201367262,20.639464745522126,0.23926035500319673,20.22739005435411
26.44866626780624,-0.0005905241514864144,0.13512887803039375,3.5649512810742394e-05,0.0002881994919107965,3.135065064476499,-0.6143972083196918,1.5736500146175527,0.9531797829918929,-0.002679529151542953,0.3023921001170886,581.8218804761951,6.945555610513458,4620.134136648172,0.2271446424630632,20.587636806031583,0.2404130459555244,18.032494643584464
26.675810910269302,-0.00035100213205929915,0.14453276832707843,1.3975580272489107e-05,0.00011396256438171757,3.134807709317092,-0.6461472334046181,1.573904704330708,0.9482591507622584,-0.002723524469477964,0.31748544536669654,586.4919280608542,7.000308708988148,4623.978808604949,0.2289886038246749,20.531225048104922,0.24170994359928383,15.82095003373524
26.904799514093977,-0.00016055507719471543,0.1546500793492858,-9.809775164129314e-06,4.1935861782548735e-05,3.1345699114816945,-0.6803863917272145,1.5742050927989608,0.9426850357580299,-0.0027414271707062662,0.33367232228020205,591.1863808919982,7.055821495344885,4627.347131366989,0.2312465171816882,20.46941148074323,0.2428634592421481,13.599702264513613
27.136046031275665,5.3490711860994825e-05,0.16553401345454025,-5.33550466222326e-05,0.0003971775615025685,3.134323508737695,-0.7173952525681588,1.5745584934767152,0.9363493813665966,-0.002742876854639303,0.3510585093819632,595.9120936755568,7.112109708203397,4630.233591679816,0.2336932536508627,20.401344269173222,0.24434856221845785,11.36642568003909
27.369739284926528,0.0002556097123660026,0.17730926398521704,-0.00010743667252466194,8.700871513378195e-05,3.1340793103257307,-0.7574347466135976,1.5749861338706017,0.9291339386848328,-0.0027159159681496717,0.3697329265563505,600.6710952611827,7.169445159780203,4632.627297846344,0.23533570227477796,20.325980600716598,0.24592971419824494,9.121748483860062
27.605074987201306,0.0002817137005110013,0.19015168734621585,-0.00011663259755094154,5.700351709504436e-05,3.133792691527905,-0.8006501498165385,1.5754908196513537,0.9209283821729566,-0.0026768517511617292,0.38972212859938804,605.4448360035555,7.227414649974396,4634.509442037602,0.2377196324289983,20.242250502341694,0.2464231999916222,6.876414722517292
27.842794619630304,-0.0001570998186423612,0.2044134198829256,0.0001279800482961798,0.00017871090900869953,3.133407989891992,-0.847518227153547,1.576051081254468,0.911543316643864,-0.0026499996055502177,0.41119490766370803,610.2458685806589,7.285709337358231,4635.876313350997,0.24019903983440827,20.148567746733576,0.24323521582858795,4.626808711981503
28.082993659464712,-0.0009770472684693696,0.22033154124750842,0.0007308400040721449,0.0001281458661837997,3.1328787122940924,-0.8984973596186283,1.5765696198211319,0.9007668059288859,-0.0026709907077416607,0.43429428485485927,615.0732212639996,7.343355886256956,4636.716866894007,0.24241196738506687,20.044497040812455,0.2364368754985938,2.376076367122311
28.32540562684978,-0.0017297147083929249,0.23811789191176738,0.0014927654670443204,6.345675250717056e-10,3.132237419822368,-0.9540262595971255,1.576955528218283,0.8883629209916094,-0.002741508230839945,0.4591333779825525,619.9185872686202,7.399790884131858,4637.020246985203,0.00950670378653129,19.93027639762506,0.22950191265364647,0.13200886052956085
28.33491233063631,-0.0017489492121384633,0.23885498639740155,0.0015174708901936943,1.8876842442698003e-11,3.1322110845216344,-0.9562935115020971,1.5769675317528031,0.8878418542081916,-0.0027448996619312276,0.460140163120808,620.1080363363828,7.40197177159603,4637.0210866819325,0.003239699668107221,19.925610765253385,0.22930960953211796,0.044653507047103747
28.338152030304418,-0.0017553230156973298,0.2391069230433886,0.001525768736474402,6.969667705190525e-13,3.1322020928773067,-0.9570677500837577,1.5769715881509403,0.887663654988892,-0.0027460602140458555,0.4604838323550657,620.1725867507483,7.402714561915813,4637.021183142418,0.0010812110939504294,19.92401762086859,0.2292455658004058,0.014896545892498132
28.339233241398368,-0.0017574297390189773,0.2391910891004204,0.0015285241210703513,5.459566537141819e-13,3.132199090084995,-0.9573263247417519,1.5769729382044617,0.8876041116602524,-0.002746448047392906,0.4605985931643489,620.1941285320214,7.402962413293701,4637.021193880636,0.0010000000000012221,19.92348556761536,0.22922436093109047,0.0049668831319212275
28.34023324139837,-0.0017593691128957485,0.23926897137777517,0.0015310663087803507,0,3.132196311972468,-0.957565558583333,1.5769741852172727,0.887549008830341,-0.0027468069735967853,0.4607047632554389,620.2140517714766,7.403191627880193,4637.021194255859,0.0010000000000012221,19.922993317068595,0.22920482412261017,-0.004216340200059123
